1





1	1.80	4.8	1.4	2


1588	0.5


500	0	0	0
500.75	0	0	0.05
501.5	0	0	0.1
502.25	0	0	0.15
503	0	0	0.2
503.75	0	0	0.25
504.5	0	0	0.3
505.25	0	0	0.35
506	0	0	0.4
506.75	0	0	0.45
507.5	0	0	0.5
508.25	0	0	0.55
509	0	0	0.6
509.75	0	0	0.65
510.5	0	0	0.7
511.25	0	0	0.75
512	0	0	0.8
512.75	0	0	0.85
513.5	0	0	0.9
514.25	0	0	0.95
515	0	0	1
515.75	0	0	1.05
516.5	0	0	1.1
517.25	0	0	1.15
518	0	0	1.2
518.75	0	0	1.25
519.5	0	0	1.3
520.25	0	0	1.35
521	0	0	1.4
521.75	0	0	1.45
522.5	0	0	1.5
523.25	0	0	1.55
524	0	0	1.6
524.75	0	0	1.65
525.5	0	0	1.7
526.25	0	0	1.75
527	0	0	1.8
527.75	0	0	1.85
528.5	0	0	1.9
529.25	0	0	1.95
530	0	0	2
530.75	0	0	2.05
531.5	0	0	2.1
532.25	0	0	2.15
533	0	0	2.2
533.75	0	0	2.25
534.5	0	0	2.3
535.25	0	0	2.35
536	0	0	2.4
536.75	0	0	2.45
537.5	0	0	2.5
538.25	0	0	2.55
539	0	0	2.6
539.75	0	0	2.65
540.5	0	0	2.7
541.25	0	0	2.75
542	0	0	2.8
542.75	0	0	2.85
543.5	0	0	2.9
544.25	0	0	2.95
545	0	0	3
545.75	0	0	3.05
546.5	0	0	3.1
547.25	0	0	3.15
548	0	0	3.2
548.75	0	0	3.25
549.5	0	0	3.3
550.25	0	0	3.35
551	0	0	3.4
551.75	0	0	3.45
552.5	0	0	3.5
553.25	0	0	3.55
554	0	0	3.6
554.75	0	0	3.65
555.5	0	0	3.7
556.25	0	0	3.75
557	0	0	3.8
557.75	0	0	3.85
558.5	0	0	3.9
559.25	0	0	3.95
560	0	0	4
560.75	0	0	4.05
561.5	0	0	4.1
562.25	0	0	4.15
563	0	0	4.2
563.75	0	0	4.25
564.5	0	0	4.3
565.25	0	0	4.35
566	0	0	4.4
566.75	0	0	4.45
567.5	0	0	4.5
568.25	0	0	4.55
569	0	0	4.6
569.75	0	0	4.65
570.5	0	0	4.7
571.25	0	0	4.75
572	0	0	4.8
572.75	0	0	4.85
573.5	0	0	4.9
574.25	0	0	4.95
575	0	0	5
575.75	0	0	5.05
576.5	0	0	5.1
577.25	0	0	5.15
578	0	0	5.2
578.75	0	0	5.25
579.5	0	0	5.3
580.25	0	0	5.35
581	0	0	5.4
581.75	0	0	5.45
582.5	0	0	5.5
583.25	0	0	5.55
584	0	0	5.6
584.75	0	0	5.65
585.5	0	0	5.7
586.25	0	0	5.75
587	0	0	5.8
587.75	0	0	5.85
588.5	0	0	5.9
589.25	0	0	5.95
590	0	0	6
590.75	0	0	6.05
591.5	0	0	6.1
592.25	0	0	6.15
593	0	0	6.2
593.75	0	0	6.25
594.5	0	0	6.3
595.25	0	0	6.35
596	0	0	6.4
596.75	0	0	6.45
597.5	0	0	6.5
598.25	0	0	6.55
599	0	0	6.6
599.75	0	0	6.65
600.5	0	0	6.7
601.25	0	0	6.75
602	0	0	6.8
602.75	0	0	6.85
603.5	0	0	6.9
604.25	0	0	6.95
605	0	0	7
605.75	0	0	7.05
606.5	0	0	7.1
607.25	0	0	7.15
608	0	0	7.2
608.75	0	0	7.25
609.5	0	0	7.3
610.25	0	0	7.35
611	0	0	7.4
611.75	0	0	7.45
612.5	0	0	7.5
613.25	0	0	7.55
614	0	0	7.6
614.75	0	0	7.65
615.5	0	0	7.7
616.25	0	0	7.75
617	0	0	7.8
617.75	0	0	7.85
618.5	0	0	7.9
619.25	0	0	7.95
620	0	0	8
620.75	0	0	8.05
621.5	0	0	8.1
622.25	0	0	8.15
623	0	0	8.2
623.75	0	0	8.25
624.5	0	0	8.3
625.25	0	0	8.35
626	0	0	8.4
626.75	0	0	8.45
627.5	0	0	8.5
628.25	0	0	8.55
629	0	0	8.6
629.75	0	0	8.65
630.5	0	0	8.7
631.25	0	0	8.75
632	0	0	8.8
632.75	0	0	8.85
633.5	0	0	8.9
634.25	0	0	8.95
635	0	0	9
635.75	0	0	9.05
636.5	0	0	9.1
637.25	0	0	9.15
638	0	0	9.2
638.75	0	0	9.25
639.5	0	0	9.3
640.25	0	0	9.35
641	0	0	9.4
641.75	0	0	9.45
642.5	0	0	9.5
643.25	0	0	9.55
644	0	0	9.6
644.75	0	0	9.65
645.5	0	0	9.7
646.25	0	0	9.75
647	0	0	9.8
647.75	0	0	9.85
648.5	0	0	9.9
649.25	0	0	9.95
650	0	0	10
650.75	0	0	10.05
651.5	0	0	10.1
652.25	0	0	10.15
653	0	0	10.2
653.75	0	0	10.25
654.5	0	0	10.3
655.25	0	0	10.35
656	0	0	10.4
656.75	0	0	10.45
657.5	0	0	10.5
658.25	0	0	10.55
659	0	0	10.6
659.75	0	0	10.65
660.5	0	0	10.7
661.25	0	0	10.75
662	0	0	10.8
662.75	0	0	10.85
663.5	0	0	10.9
664.25	0	0	10.95
665	0	0	11
665.75	0	0	11.05
666.5	0	0	11.1
667.25	0	0	11.15
668	0	0	11.2
668.75	0	0	11.25
669.5	0	0	11.3
670.25	0	0	11.35
671	0	0	11.4
671.75	0	0	11.45
672.5	0	0	11.5
673.25	0	0	11.55
674	0	0	11.6
674.75	0	0	11.65
675.5	0	0	11.7
676.25	0	0	11.75
677	0	0	11.8
677.75	0	0	11.85
678.5	0	0	11.9
679.25	0	0	11.95
680	0	0	12
680.75	0	0	12.05
681.5	0	0	12.1
682.25	0	0	12.15
683	0	0	12.2
683.75	0	0	12.25
684.5	0	0	12.3
685.25	0	0	12.35
686	0	0	12.4
686.75	0	0	12.45
687.5	0	0	12.5
688.25	0	0	12.55
689	0	0	12.6
689.75	0	0	12.65
690.5	0	0	12.7
691.25	0	0	12.75
692	0	0	12.8
692.75	0	0	12.85
693.5	0	0	12.9
694.25	0	0	12.95
695	0	0	13
695.75	0	0	13.05
696.5	0	0	13.1
697.25	0	0	13.15
698	0	0	13.2
698.75	0	0	13.25
699.5	0	0	13.3
700.25	0	0	13.35
701	0	0	13.4
701.75	0	0	13.45
702.5	0	0	13.5
703.25	0	0	13.55
704	0	0	13.6
704.75	0	0	13.65
705.5	0	0	13.7
706.25	0	0	13.75
707	0	0	13.8
707.75	0	0	13.85
708.5	0	0	13.9
709.25	0	0	13.95
710	0	0	14
710.75	0	0	14.05
711.5	0	0	14.1
712.25	0	0	14.15
713	0	0	14.2
713.75	0	0	14.25
714.5	0	0	14.3
715.25	0	0	14.35
716	0	0	14.4
716.75	0	0	14.45
717.5	0	0	14.5
718.25	0	0	14.55
719	0	0	14.6
719.75	0	0	14.65
720.5	0	0	14.7
721.25	0	0	14.75
722	0	0	14.8
722.75	0	0	14.85
723.5	0	0	14.9
724.25	0	0	14.95
725	0	0	15
725.75	0	0	15.05
726.5	0	0	15.1
727.25	0	0	15.15
728	0	0	15.2
728.75	0	0	15.25
729.5	0	0	15.3
730.25	0	0	15.35
731	0	0	15.4
731.75	0	0	15.45
732.5	0	0	15.5
733.25	0	0	15.55
734	0	0	15.6
734.75	0	0	15.65
735.5	0	0	15.7
736.25	0	0	15.75
737	0	0	15.8
737.75	0	0	15.85
738.5	0	0	15.9
739.25	0	0	15.95
740	0	0	16
740.75	0	0	16.05
741.5	0	0	16.1
742.25	0	0	16.15
743	0	0	16.2
743.75	0	0	16.25
744.5	0	0	16.3
745.25	0	0	16.35
746	0	0	16.4
746.75	0	0	16.45
747.5	0	0	16.5
748.25	0	0	16.55
749	0	0	16.6
749.75	0	0	16.65
750.5	0	0	16.7
751.25	0	0	16.75
752	0	0	16.8
752.75	0	0	16.85
753.5	0	0	16.9
754.25	0	0	16.95
755	0	0	17
755.75	0	0	17.05
756.5	0	0	17.1
757.25	0	0	17.15
758	0	0	17.2
758.75	0	0	17.25
759.5	0	0	17.3
760.25	0	0	17.35
761	0	0	17.4
761.75	0	0	17.45
762.5	0	0	17.5
763.25	0	0	17.55
764	0	0	17.6
764.75	0	0	17.65
765.5	0	0	17.7
766.25	0	0	17.75
767	0	0	17.8
767.75	0	0	17.85
768.5	0	0	17.9
769.25	0	0	17.95
770	0	0	18
770.75	0	0	18.05
771.5	0	0	18.1
772.25	0	0	18.15
773	0	0	18.2
773.75	0	0	18.25
774.5	0	0	18.3
775.25	0	0	18.35
776	0	0	18.4
776.75	0	0	18.45
777.5	0	0	18.5
778.25	0	0	18.55
779	0	0	18.6
779.75	0	0	18.65
780.5	0	0	18.7
781.25	0	0	18.75
782	0	0	18.8
782.75	0	0	18.85
783.5	0	0	18.9
784.25	0	0	18.95
785	0	0	19
785.75	0	0	19.05
786.5	0	0	19.1
787.25	0	0	19.15
788	0	0	19.2
788.75	0	0	19.25
789.5	0	0	19.3
790.25	0	0	19.35
791	0	0	19.4
791.75	0	0	19.45
792.5	0	0	19.5
793.25	0	0	19.55
794	0	0	19.6
794.75	0	0	19.65
795.5	0	0	19.7
796.25	0	0	19.75
797	0	0	19.8
797.75	0	0	19.85
798.5	0	0	19.9
799.25	0	0	19.95
800	0	0	20
800.75	0	0	20.05
801.5	0	0	20.1
802.25	0	0	20.15
803	0	0	20.2
803.75	0	0	20.25
804.5	0	0	20.3
805.25	0	0	20.35
806	0	0	20.4
806.75	0	0	20.45
807.5	0	0	20.5
808.25	0	0	20.55
809	0	0	20.6
809.75	0	0	20.65
810.5	0	0	20.7
811.25	0	0	20.75
812	0	0	20.8
812.75	0	0	20.85
813.5	0	0	20.9
814.25	0	0	20.95
815	0	0	21
815.75	0	0	21.05
816.5	0	0	21.1
817.25	0	0	21.15
818	0	0	21.2
818.75	0	0	21.25
819.5	0	0	21.3
820.25	0	0	21.35
821	0	0	21.4
821.75	0	0	21.45
822.5	0	0	21.5
823.25	0	0	21.55
824	0	0	21.6
824.75	0	0	21.65
825.5	0	0	21.7
826.25	0	0	21.75
827	0	0	21.8
827.75	0	0	21.85
828.5	0	0	21.9
829.25	0	0	21.95
830	0	0	22
830.75	0	0	22.05
831.5	0	0	22.1
832.25	0	0	22.15
833	0	0	22.2
833.75	0	0	22.25
834.5	0	0	22.3
835.25	0	0	22.35
836	0	0	22.4
836.75	0	0	22.45
837.5	0	0	22.5
838.25	0	0	22.55
839	0	0	22.6
839.75	0	0	22.65
840.5	0	0	22.7
841.25	0	0	22.75
842	0	0	22.8
842.75	0	0	22.85
843.5	0	0	22.9
844.25	0	0	22.95
845	0	0	23
845.75	0	0	23.05
846.5	0	0	23.1
847.25	0	0	23.15
848	0	0	23.2
848.75	0	0	23.25
849.5	0	0	23.3
850.25	0	0	23.35
851	0	0	23.4
851.75	0	0	23.45
852.5	0	0	23.5
853.25	0	0	23.55
854	0	0	23.6
854.75	0	0	23.65
855.5	0	0	23.7
856.25	0	0	23.75
857	0	0	23.8
857.75	0	0	23.85
858.5	0	0	23.9
859.25	0	0	23.95
860	0	0	24
860.75	0	0	24.05
861.5	0	0	24.1
862.25	0	0	24.15
863	0	0	24.2
863.75	0	0	24.25
864.5	0	0	24.3
865.25	0	0	24.35
866	0	0	24.4
866.75	0	0	24.45
867.5	0	0	24.5
868.25	0	0	24.55
869	0	0	24.6
869.75	0	0	24.65
870.5	0	0	24.7
871.25	0	0	24.75
872	0	0	24.8
872.75	0	0	24.85
873.5	0	0	24.9
874.25	0	0	24.95
875	0	0	25
875.75	0	0	25.05
876.5	0	0	25.1
877.25	0	0	25.15
878	0	0	25.2
878.75	0	0	25.25
879.5	0	0	25.3
880.25	0	0	25.35
881	0	0	25.4
881.75	0	0	25.45
882.5	0	0	25.5
883.25	0	0	25.55
884	0	0	25.6
884.75	0	0	25.65
885.5	0	0	25.7
886.25	0	0	25.75
887	0	0	25.8
887.75	0	0	25.85
888.5	0	0	25.9
889.25	0	0	25.95
890	0	0	26
890.75	0	0	26.05
891.5	0	0	26.1
892.25	0	0	26.15
893	0	0	26.2
893.75	0	0	26.25
894.5	0	0	26.3
895.25	0	0	26.35
896	0	0	26.4
896.75	0	0	26.45
897.5	0	0	26.5
898.25	0	0	26.55
899	0	0	26.6
899.75	0	0	26.65
900.5	0	0	26.7
901.25	0	0	26.75
902	0	0	26.8
902.75	0	0	26.85
903.5	0	0	26.9
904.25	0	0	26.95
905	0	0	27
905.75	0	0	27.05
906.5	0	0	27.1
907.25	0	0	27.15
908	0	0	27.2
908.75	0	0	27.25
909.5	0	0	27.3
910.25	0	0	27.35
911	0	0	27.4
911.75	0	0	27.45
912.5	0	0	27.5
913.25	0	0	27.55
914	0	0	27.6
914.75	0	0	27.65
915.5	0	0	27.7
916.25	0	0	27.75
917	0	0	27.8
917.75	0	0	27.85
918.5	0	0	27.9
919.25	0	0	27.95
920	0	0	28
920.75	0	0	28.05
921.5	0	0	28.1
922.25	0	0	28.15
923	0	0	28.2
923.75	0	0	28.25
924.5	0	0	28.3
925.25	0	0	28.35
926	0	0	28.4
926.75	0	0	28.45
927.5	0	0	28.5
928.25	0	0	28.55
929	0	0	28.6
929.75	0	0	28.65
930.5	0	0	28.7
931.25	0	0	28.75
932	0	0	28.8
932.75	0	0	28.85
933.5	0	0	28.9
934.25	0	0	28.95
935	0	0	29
935.75	0	0	29.05
936.5	0	0	29.1
937.25	0	0	29.15
938	0	0	29.2
938.75	0	0	29.25
939.5	0	0	29.3
940.25	0	0	29.35
941	0	0	29.4
941.75	0	0	29.45
942.5	0	0	29.5
943.25	0	0	29.55
944	0	0	29.6
944.75	0	0	29.65
945.5	0	0	29.7
946.25	0	0	29.75
947	0	0	29.8
947.75	0	0	29.85
948.5	0	0	29.9
949.25	0	0	29.95
950	0	0	30
950.75	0	0	30.05
951.5	0	0	30.1
952.25	0	0	30.15
953	0	0	30.2
953.75	0	0	30.25
954.5	0	0	30.3
955.25	0	0	30.35
956	0	0	30.4
956.75	0	0	30.45
957.5	0	0	30.5
958.25	0	0	30.55
959	0	0	30.6
959.75	0	0	30.65
960.5	0	0	30.7
961.25	0	0	30.75
962	0	0	30.8
962.75	0	0	30.85
963.5	0	0	30.9
964.25	0	0	30.95
965	0	0	31
965.75	0	0	31.05
966.5	0	0	31.1
967.25	0	0	31.15
968	0	0	31.2
968.75	0	0	31.25
969.5	0	0	31.3
970.25	0	0	31.35
971	0	0	31.4
971.75	0	0	31.45
972.5	0	0	31.5
973.25	0	0	31.55
974	0	0	31.6
974.75	0	0	31.65
975.5	0	0	31.7
976.25	0	0	31.75
977	0	0	31.8
977.75	0	0	31.85
978.5	0	0	31.9
979.25	0	0	31.95
980	0	0	32
980.75	0	0	32.05
981.5	0	0	32.1
982.25	0	0	32.15
983	0	0	32.2
983.75	0	0	32.25
984.5	0	0	32.3
985.25	0	0	32.35
986	0	0	32.4
986.75	0	0	32.45
987.5	0	0	32.5
988.25	0	0	32.55
989	0	0	32.6
989.75	0	0	32.65
990.5	0	0	32.7
991.25	0	0	32.75
992	0	0	32.8
992.75	0	0	32.85
993.5	0	0	32.9
994.25	0	0	32.95
995	0	0	33
995.75	0	0	33.05
996.5	0	0	33.1
997.25	0	0	33.15
998	0	0	33.2
998.75	0	0	33.25
999.5	0	0	33.3
1000.25	0	0	33.35
1001	0	0	33.4
1001.75	0	0	33.45
1002.5	0	0	33.5
1003.25	0	0	33.55
1004	0	0	33.6
1004.75	0	0	33.65
1005.5	0	0	33.7
1006.25	0	0	33.75
1007	0	0	33.8
1007.75	0	0	33.85
1008.5	0	0	33.9
1009.25	0	0	33.95
1010	0	0	34
1010.75	0	0	34.05
1011.5	0	0	34.1
1012.25	0	0	34.15
1013	0	0	34.2
1013.75	0	0	34.25
1014.5	0	0	34.3
1015.25	0	0	34.35
1016	0	0	34.4
1016.75	0	0	34.45
1017.5	0	0	34.5
1018.25	0	0	34.55
1019	0	0	34.6
1019.75	0	0	34.65
1020.5	0	0	34.7
1021.25	0	0	34.75
1022	0	0	34.8
1022.75	0	0	34.85
1023.5	0	0	34.9
1024.25	0	0	34.95
1025	0	0	35
1025.75	0	0	35.05
1026.5	0	0	35.1
1027.25	0	0	35.15
1028	0	0	35.2
1028.75	0	0	35.25
1029.5	0	0	35.3
1030.25	0	0	35.35
1031	0	0	35.4
1031.75	0	0	35.45
1032.5	0	0	35.5
1033.25	0	0	35.55
1034	0	0	35.6
1034.75	0	0	35.65
1035.5	0	0	35.7
1036.25	0	0	35.75
1037	0	0	35.8
1037.75	0	0	35.85
1038.5	0	0	35.9
1039.25	0	0	35.95
1040	0	0	36
1040.75	0	0	36.05
1041.5	0	0	36.1
1042.25	0	0	36.15
1043	0	0	36.2
1043.75	0	0	36.25
1044.5	0	0	36.3
1045.25	0	0	36.35
1046	0	0	36.4
1046.75	0	0	36.45
1047.5	0	0	36.5
1048.25	0	0	36.55
1049	0	0	36.6
1049.75	0	0	36.65
1050.5	0	0	36.7
1051.25	0	0	36.75
1052	0	0	36.8
1052.75	0	0	36.85
1053.5	0	0	36.9
1054.25	0	0	36.95
1055	0	0	37
1055.75	0	0	37.05
1056.5	0	0	37.1
1057.25	0	0	37.15
1058	0	0	37.2
1058.75	0	0	37.25
1059.5	0	0	37.3
1060.25	0	0	37.35
1061	0	0	37.4
1061.75	0	0	37.45
1062.5	0	0	37.5
1063.25	0	0	37.55
1064	0	0	37.6
1064.75	0	0	37.65
1065.5	0	0	37.7
1066.25	0	0	37.75
1067	0	0	37.8
1067.75	0	0	37.85
1068.5	0	0	37.9
1069.25	0	0	37.95
1070	0	0	38
1070.75	0	0	38.05
1071.5	0	0	38.1
1072.25	0	0	38.15
1073	0	0	38.2
1073.75	0	0	38.25
1074.5	0	0	38.3
1075.25	0	0	38.35
1076	0	0	38.4
1076.75	0	0	38.45
1077.5	0	0	38.5
1078.25	0	0	38.55
1079	0	0	38.6
1079.75	0	0	38.65
1080.5	0	0	38.7
1081.25	0	0	38.75
1082	0	0	38.8
1082.75	0	0	38.85
1083.5	0	0	38.9
1084.25	0	0	38.95
1085	0	0	39
1085.75	0	0	39.05
1086.5	0	0	39.1
1087.25	0	0	39.15
1088	0	0	39.2
1088.75	0	0	39.25
1089.5	0	0	39.3
1090.25	0	0	39.35
1091	0	0	39.4
1091.75	0	0	39.45
1092.5	0	0	39.5
1093.25	0	0	39.55
1094	0	0	39.6
1094.75	0	0	39.65
1095.5	0	0	39.7
1096.25	0	0	39.75
1097	0	0	39.8
1097.75	0	0	39.85
1098.5	0	0	39.9
1099.25	0	0	39.95
1100	0	0	40
1100.75	0	0	40.05
1101.5	0	0	40.1
1102.25	0	0	40.15
1103	0	0	40.2
1103.75	0	0	40.25
1104.5	0	0	40.3
1105.25	0	0	40.35
1106	0	0	40.4
1106.75	0	0	40.45
1107.5	0	0	40.5
1108.25	0	0	40.55
1109	0	0	40.6
1109.75	0	0	40.65
1110.5	0	0	40.7
1111.25	0	0	40.75
1112	0	0	40.8
1112.75	0	0	40.85
1113.5	0	0	40.9
1114.25	0	0	40.95
1115	0	0	41
1115.75	0	0	41.05
1116.5	0	0	41.1
1117.25	0	0	41.15
1118	0	0	41.2
1118.75	0	0	41.25
1119.5	0	0	41.3
1120.25	0	0	41.35
1121	0	0	41.4
1121.75	0	0	41.45
1122.5	0	0	41.5
1123.25	0	0	41.55
1124	0	0	41.6
1124.75	0	0	41.65
1125.5	0	0	41.7
1126.25	0	0	41.75
1127	0	0	41.8
1127.75	0	0	41.85
1128.5	0	0	41.9
1129.25	0	0	41.95
1130	0	0	42
1130.75	0	0	42.05
1131.5	0	0	42.1
1132.25	0	0	42.15
1133	0	0	42.2
1133.75	0	0	42.25
1134.5	0	0	42.3
1135.25	0	0	42.35
1136	0	0	42.4
1136.75	0	0	42.45
1137.5	0	0	42.5
1138.25	0	0	42.55
1139	0	0	42.6
1139.75	0	0	42.65
1140.5	0	0	42.7
1141.25	0	0	42.75
1142	0	0	42.8
1142.75	0	0	42.85
1143.5	0	0	42.9
1144.25	0	0	42.95
1145	0	0	43
1145.75	0	0	43.05
1146.5	0	0	43.1
1147.25	0	0	43.15
1148	0	0	43.2
1148.75	0	0	43.25
1149.5	0	0	43.3
1150.25	0	0	43.35
1151	0	0	43.4
1151.75	0	0	43.45
1152.5	0	0	43.5
1153.25	0	0	43.55
1154	0	0	43.6
1154.75	0	0	43.65
1155.5	0	0	43.7
1156.25	0	0	43.75
1157	0	0	43.8
1157.75	0	0	43.85
1158.5	0	0	43.9
1159.25	0	0	43.95
1160	0	0	44
1160.75	0	0	44.05
1161.5	0	0	44.1
1162.25	0	0	44.15
1163	0	0	44.2
1163.75	0	0	44.25
1164.5	0	0	44.3
1165.25	0	0	44.35
1166	0	0	44.4
1166.75	0	0	44.45
1167.5	0	0	44.5
1168.25	0	0	44.55
1169	0	0	44.6
1169.75	0	0	44.65
1170.5	0	0	44.7
1171.25	0	0	44.75
1172	0	0	44.8
1172.75	0	0	44.85
1173.5	0	0	44.9
1174.25	0	0	44.95
1175	0	0	45
1175.75	0	0	45.05
1176.5	0	0	45.1
1177.25	0	0	45.15
1178	0	0	45.2
1178.75	0	0	45.25
1179.5	0	0	45.3
1180.25	0	0	45.35
1181	0	0	45.4
1181.75	0	0	45.45
1182.5	0	0	45.5
1183.25	0	0	45.55
1184	0	0	45.6
1184.75	0	0	45.65
1185.5	0	0	45.7
1186.25	0	0	45.75
1187	0	0	45.8
1187.75	0	0	45.85
1188.5	0	0	45.9
1189.25	0	0	45.95
1190	0	0	46
1190.75	0	0	46.05
1191.5	0	0	46.1
1192.25	0	0	46.15
1193	0	0	46.2
1193.75	0	0	46.25
1194.5	0	0	46.3
1195.25	0	0	46.35
1196	0	0	46.4
1196.75	0	0	46.45
1197.5	0	0	46.5
1198.25	0	0	46.55
1199	0	0	46.6
1199.75	0	0	46.65
1200.5	0	0	46.7
1201.25	0	0	46.75
1202	0	0	46.8
1202.75	0	0	46.85
1203.5	0	0	46.9
1204.25	0	0	46.95
1205	0	0	47
1205.75	0	0	47.05
1206.5	0	0	47.1
1207.25	0	0	47.15
1208	0	0	47.2
1208.75	0	0	47.25
1209.5	0	0	47.3
1210.25	0	0	47.35
1211	0	0	47.4
1211.75	0	0	47.45
1212.5	0	0	47.5
1213.25	0	0	47.55
1214	0	0	47.6
1214.75	0	0	47.65
1215.5	0	0	47.7
1216.25	0	0	47.75
1217	0	0	47.8
1217.75	0	0	47.85
1218.5	0	0	47.9
1219.25	0	0	47.95
1220	0	0	48
1220.75	0	0	48.05
1221.5	0	0	48.1
1222.25	0	0	48.15
1223	0	0	48.2
1223.75	0	0	48.25
1224.5	0	0	48.3
1225.25	0	0	48.35
1226	0	0	48.4
1226.75	0	0	48.45
1227.5	0	0	48.5
1228.25	0	0	48.55
1229	0	0	48.6
1229.75	0	0	48.65
1230.5	0	0	48.7
1231.25	0	0	48.75
1232	0	0	48.8
1232.75	0	0	48.85
1233.5	0	0	48.9
1234.25	0	0	48.95
1235	0	0	49
1235.75	0	0	49.05
1236.5	0	0	49.1
1237.25	0	0	49.15
1238	0	0	49.2
1238.75	0	0	49.25
1239.5	0	0	49.3
1240.25	0	0	49.35
1241	0	0	49.4
1241.75	0	0	49.45
1242.5	0	0	49.5
1243.25	0	0	49.55
1244	0	0	49.6
1244.75	0	0	49.65
1245.5	0	0	49.7
1246.25	0	0	49.75
1247	0	0	49.8
1247.75	0	0	49.85
1248.5	0	0	49.9
1249.25	0	0	49.95
1250	0	0	50
1250.75	0	0	50.05
1251.5	0	0	50.1
1252.25	0	0	50.15
1253	0	0	50.2
1253.75	0	0	50.25
1254.5	0	0	50.3
1255.25	0	0	50.35
1256	0	0	50.4
1256.75	0	0	50.45
1257.5	0	0	50.5
1258.25	0	0	50.55
1259	0	0	50.6
1259.75	0	0	50.65
1260.5	0	0	50.7
1261.25	0	0	50.75
1262	0	0	50.8
1262.75	0	0	50.85
1263.5	0	0	50.9
1264.25	0	0	50.95
1265	0	0	51
1265.75	0	0	51.05
1266.5	0	0	51.1
1267.25	0	0	51.15
1268	0	0	51.2
1268.75	0	0	51.25
1269.5	0	0	51.3
1270.25	0	0	51.35
1271	0	0	51.4
1271.75	0	0	51.45
1272.5	0	0	51.5
1273.25	0	0	51.55
1274	0	0	51.6
1274.75	0	0	51.65
1275.5	0	0	51.7
1276.25	0	0	51.75
1277	0	0	51.8
1277.75	0	0	51.85
1278.5	0	0	51.9
1279.25	0	0	51.95
1280	0	0	52
1280.75	0	0	52.05
1281.5	0	0	52.1
1282.25	0	0	52.15
1283	0	0	52.2
1283.75	0	0	52.25
1284.5	0	0	52.3
1285.25	0	0	52.35
1286	0	0	52.4
1286.75	0	0	52.45
1287.5	0	0	52.5
1288.25	0	0	52.55
1289	0	0	52.6
1289.75	0	0	52.65
1290.5	0	0	52.7
1291.25	0	0	52.75
1292	0	0	52.8
1292.75	0	0	52.85
1293.5	0	0	52.9
1294.25	0	0	52.95
1295	0	0	53
1295.75	0	0	53.05
1296.5	0	0	53.1
1297.25	0	0	53.15
1298	0	0	53.2
1298.75	0	0	53.25
1299.5	0	0	53.3
1300.25	0	0	53.35
1301	0	0	53.4
1301.75	0	0	53.45
1302.5	0	0	53.5
1303.25	0	0	53.55
1304	0	0	53.6
1304.75	0	0	53.65
1305.5	0	0	53.7
1306.25	0	0	53.75
1307	0	0	53.8
1307.75	0	0	53.85
1308.5	0	0	53.9
1309.25	0	0	53.95
1310	0	0	54
1310.75	0	0	54.05
1311.5	0	0	54.1
1312.25	0	0	54.15
1313	0	0	54.2
1313.75	0	0	54.25
1314.5	0	0	54.3
1315.25	0	0	54.35
1316	0	0	54.4
1316.75	0	0	54.45
1317.5	0	0	54.5
1318.25	0	0	54.55
1319	0	0	54.6
1319.75	0	0	54.65
1320.5	0	0	54.7
1321.25	0	0	54.75
1322	0	0	54.8
1322.75	0	0	54.85
1323.5	0	0	54.9
1324.25	0	0	54.95
1325	0	0	55
1325.75	0	0	55.05
1326.5	0	0	55.1
1327.25	0	0	55.15
1328	0	0	55.2
1328.75	0	0	55.25
1329.5	0	0	55.3
1330.25	0	0	55.35
1331	0	0	55.4
1331.75	0	0	55.45
1332.5	0	0	55.5
1333.25	0	0	55.55
1334	0	0	55.6
1334.75	0	0	55.65
1335.5	0	0	55.7
1336.25	0	0	55.75
1337	0	0	55.8
1337.75	0	0	55.85
1338.5	0	0	55.9
1339.25	0	0	55.95
1340	0	0	56
1340.75	0	0	56.05
1341.5	0	0	56.1
1342.25	0	0	56.15
1343	0	0	56.2
1343.75	0	0	56.25
1344.5	0	0	56.3
1345.25	0	0	56.35
1346	0	0	56.4
1346.75	0	0	56.45
1347.5	0	0	56.5
1348.25	0	0	56.55
1349	0	0	56.6
1349.75	0	0	56.65
1350.5	0	0	56.7
1351.25	0	0	56.75
1352	0	0	56.8
1352.75	0	0	56.85
1353.5	0	0	56.9
1354.25	0	0	56.95
1355	0	0	57
1355.75	0	0	57.05
1356.5	0	0	57.1
1357.25	0	0	57.15
1358	0	0	57.2
1358.75	0	0	57.25
1359.5	0	0	57.3
1360.25	0	0	57.35
1361	0	0	57.4
1361.75	0	0	57.45
1362.5	0	0	57.5
1363.25	0	0	57.55
1364	0	0	57.6
1364.75	0	0	57.65
1365.5	0	0	57.7
1366.25	0	0	57.75
1367	0	0	57.8
1367.75	0	0	57.85
1368.5	0	0	57.9
1369.25	0	0	57.95
1370	0	0	58
1370.75	0	0	58.05
1371.5	0	0	58.1
1372.25	0	0	58.15
1373	0	0	58.2
1373.75	0	0	58.25
1374.5	0	0	58.3
1375.25	0	0	58.35
1376	0	0	58.4
1376.75	0	0	58.45
1377.5	0	0	58.5
1378.25	0	0	58.55
1379	0	0	58.6
1379.75	0	0	58.65
1380.5	0	0	58.7
1381.25	0	0	58.75
1382	0	0	58.8
1382.75	0	0	58.85
1383.5	0	0	58.9
1384.25	0	0	58.95
1385	0	0	59
1385.75	0	0	59.05
1386.5	0	0	59.1
1387.25	0	0	59.15
1388	0	0	59.2
1388.75	0	0	59.25
1389.5	0	0	59.3
1390.25	0	0	59.35
1391	0	0	59.4
1391.75	0	0	59.45
1392.5	0	0	59.5
1393.25	0	0	59.55
1394	0	0	59.6
1394.75	0	0	59.65
1395.5	0	0	59.7
1396.25	0	0	59.75
1397	0	0	59.8
1397.75	0	0	59.85
1398.5	0	0	59.9
1399.25	0	0	59.95
1400	0	0	60
1400.75	0	0	60.05
1401.5	0	0	60.1
1402.25	0	0	60.15
1403	0	0	60.2
1403.75	0	0	60.25
1404.5	0	0	60.3
1405.25	0	0	60.35
1406	0	0	60.4
1406.75	0	0	60.45
1407.5	0	0	60.5
1408.25	0	0	60.55
1409	0	0	60.6
1409.75	0	0	60.65
1410.5	0	0	60.7
1411.25	0	0	60.75
1412	0	0	60.8
1412.75	0	0	60.85
1413.5	0	0	60.9
1414.25	0	0	60.95
1415	0	0	61
1415.75	0	0	61.05
1416.5	0	0	61.1
1417.25	0	0	61.15
1418	0	0	61.2
1418.75	0	0	61.25
1419.5	0	0	61.3
1420.25	0	0	61.35
1421	0	0	61.4
1421.75	0	0	61.45
1422.5	0	0	61.5
1423.25	0	0	61.55
1424	0	0	61.6
1424.75	0	0	61.65
1425.5	0	0	61.7
1426.25	0	0	61.75
1427	0	0	61.8
1427.75	0	0	61.85
1428.5	0	0	61.9
1429.25	0	0	61.95
1430	0	0	62
1430.75	0	0	62.05
1431.5	0	0	62.1
1432.25	0	0	62.15
1433	0	0	62.2
1433.75	0	0	62.25
1434.5	0	0	62.3
1435.25	0	0	62.35
1436	0	0	62.4
1436.75	0	0	62.45
1437.5	0	0	62.5
1438.25	0	0	62.55
1439	0	0	62.6
1439.75	0	0	62.65
1440.5	0	0	62.7
1441.25	0	0	62.75
1442	0	0	62.8
1442.75	0	0	62.85
1443.5	0	0	62.9
1444.25	0	0	62.95
1445	0	0	63
1445.75	0	0	63.05
1446.5	0	0	63.1
1447.25	0	0	63.15
1448	0	0	63.2
1448.75	0	0	63.25
1449.5	0	0	63.3
1450.25	0	0	63.35
1451	0	0	63.4
1451.75	0	0	63.45
1452.5	0	0	63.5
1453.25	0	0	63.55
1454	0	0	63.6
1454.75	0	0	63.65
1455.5	0	0	63.7
1456.25	0	0	63.75
1457	0	0	63.8
1457.75	0	0	63.85
1458.5	0	0	63.9
1459.25	0	0	63.95
1460	0	0	64
1460.75	0	0	64.05
1461.5	0	0	64.1
1462.25	0	0	64.15
1463	0	0	64.2
1463.75	0	0	64.25
1464.5	0	0	64.3
1465.25	0	0	64.35
1466	0	0	64.4
1466.75	0	0	64.45
1467.5	0	0	64.5
1468.25	0	0	64.55
1469	0	0	64.6
1469.75	0	0	64.65
1470.5	0	0	64.7
1471.25	0	0	64.75
1472	0	0	64.8
1472.75	0	0	64.85
1473.5	0	0	64.9
1474.25	0	0	64.95
1475	0	0	65
1475.75	0	0	65.05
1476.5	0	0	65.1
1477.25	0	0	65.15
1478	0	0	65.2
1478.75	0	0	65.25
1479.5	0	0	65.3
1480.25	0	0	65.35
1481	0	0	65.4
1481.75	0	0	65.45
1482.5	0	0	65.5
1483.25	0	0	65.55
1484	0	0	65.6
1484.75	0	0	65.65
1485.5	0	0	65.7
1486.25	0	0	65.75
1487	0	0	65.8
1487.75	0	0	65.85
1488.5	0	0	65.9
1489.25	0	0	65.95
1490	0	0	66
1490.75	0	0	66.05
1491.5	0	0	66.1
1492.25	0	0	66.15
1493	0	0	66.2
1493.75	0	0	66.25
1494.5	0	0	66.3
1495.25	0	0	66.35
1496	0	0	66.4
1496.75	0	0	66.45
1497.5	0	0	66.5
1498.25	0	0	66.55
1499	0	0	66.6
1499.75	0	0	66.65
1500.5	0	0	66.7
1501.25	0	0	66.75
1502	0	0	66.8
1502.75	0	0	66.85
1503.5	0	0	66.9
1504.25	0	0	66.95
1505	0	0	67
1505.75	0	0	67.05
1506.5	0	0	67.1
1507.25	0	0	67.15
1508	0	0	67.2
1508.75	0	0	67.25
1509.5	0	0	67.3
1510.25	0	0	67.35
1511	0	0	67.4
1511.75	0	0	67.45
1512.5	0	0	67.5
1513.25	0	0	67.55
1514	0	0	67.6
1514.75	0	0	67.65
1515.5	0	0	67.7
1516.25	0	0	67.75
1517	0	0	67.8
1517.75	0	0	67.85
1518.5	0	0	67.9
1519.25	0	0	67.95
1520	0	0	68
1520.75	0	0	68.05
1521.5	0	0	68.1
1522.25	0	0	68.15
1523	0	0	68.2
1523.75	0	0	68.25
1524.5	0	0	68.3
1525.25	0	0	68.35
1526	0	0	68.4
1526.75	0	0	68.45
1527.5	0	0	68.5
1528.25	0	0	68.55
1529	0	0	68.6
1529.75	0	0	68.65
1530.5	0	0	68.7
1531.25	0	0	68.75
1532	0	0	68.8
1532.75	0	0	68.85
1533.5	0	0	68.9
1534.25	0	0	68.95
1535	0	0	69
1535.75	0	0	69.05
1536.5	0	0	69.1
1537.25	0	0	69.15
1538	0	0	69.2
1538.75	0	0	69.25
1539.5	0	0	69.3
1540.25	0	0	69.35
1541	0	0	69.4
1541.75	0	0	69.45
1542.5	0	0	69.5
1543.25	0	0	69.55
1544	0	0	69.6
1544.75	0	0	69.65
1545.5	0	0	69.7
1546.25	0	0	69.75
1547	0	0	69.8
1547.75	0	0	69.85
1548.5	0	0	69.9
1549.25	0	0	69.95
1550	0	0	70
1550.75	0	0	70.05
1551.5	0	0	70.1
1552.25	0	0	70.15
1553	0	0	70.2
1553.75	0	0	70.25
1554.5	0	0	70.3
1555.25	0	0	70.35
1556	0	0	70.4
1556.75	0	0	70.45
1557.5	0	0	70.5
1558.25	0	0	70.55
1559	0	0	70.6
1559.75	0	0	70.65
1560.5	0	0	70.7
1561.25	0	0	70.75
1562	0	0	70.8
1562.75	0	0	70.85
1563.5	0	0	70.9
1564.25	0	0	70.95
1565	0	0	71
1565.75	0	0	71.05
1566.5	0	0	71.1
1567.25	0	0	71.15
1568	0	0	71.2
1568.75	0	0	71.25
1569.5	0	0	71.3
1570.25	0	0	71.35
1571	0	0	71.4
1571.75	0	0	71.45
1572.5	0	0	71.5
1573.25	0	0	71.55
1574	0	0	71.6
1574.75	0	0	71.65
1575.5	0	0	71.7
1576.25	0	0	71.75
1577	0	0	71.8
1577.75	0	0	71.85
1578.5	0	0	71.9
1579.25	0	0	71.95
1580	0	0	72
1580.75	0	0	72.05
1581.5	0	0	72.1
1582.25	0	0	72.15
1583	0	0	72.2
1583.75	0	0	72.25
1584.5	0	0	72.3
1585.25	0	0	72.35
1586	0	0	72.4
1586.75	0	0	72.45
1587.5	0	0	72.5
1588.25	0	0	72.55
1589	0	0	72.6
1589.75	0	0	72.65
1590.5	0	0	72.7
1591.25	0	0	72.75
1592	0	0	72.8
1592.75	0	0	72.85
1593.5	0	0	72.9
1594.25	0	0	72.95
1595	0	0	73
1595.75	0	0	73.05
1596.5	0	0	73.1
1597.25	0	0	73.15
1598	0	0	73.2
1598.75	0	0	73.25
1599.5	0	0	73.3
1600.25	0	0	73.35
1601	0	0	73.4
1601.75	0	0	73.45
1602.5	0	0	73.5
1603.25	0	0	73.55
1604	0	0	73.6
1604.75	0	0	73.65
1605.5	0	0	73.7
1606.25	0	0	73.75
1607	0	0	73.8
1607.75	0	0	73.85
1608.5	0	0	73.9
1609.25	0	0	73.95
1610	0	0	74
1610.75	0	0	74.05
1611.5	0	0	74.1
1612.25	0	0	74.15
1613	0	0	74.2
1613.75	0	0	74.25
1614.5	0	0	74.3
1615.25	0	0	74.35
1616	0	0	74.4
1616.75	0	0	74.45
1617.5	0	0	74.5
1618.25	0	0	74.55
1619	0	0	74.6
1619.75	0	0	74.65
1620.5	0	0	74.7
1621.25	0	0	74.75
1622	0	0	74.8
1622.75	0	0	74.85
1623.5	0	0	74.9
1624.25	0	0	74.95
1625	0	0	75
1625.75	0	0	75.05
1626.5	0	0	75.1
1627.25	0	0	75.15
1628	0	0	75.2
1628.75	0	0	75.25
1629.5	0	0	75.3
1630.25	0	0	75.35
1631	0	0	75.4
1631.75	0	0	75.45
1632.5	0	0	75.5
1633.25	0	0	75.55
1634	0	0	75.6
1634.75	0	0	75.65
1635.5	0	0	75.7
1636.25	0	0	75.75
1637	0	0	75.8
1637.75	0	0	75.85
1638.5	0	0	75.9
1639.25	0	0	75.95
1640	0	0	76
1640.75	0	0	76.05
1641.5	0	0	76.1
1642.25	0	0	76.15
1643	0	0	76.2
1643.75	0	0	76.25
1644.5	0	0	76.3
1645.25	0	0	76.35
1646	0	0	76.4
1646.75	0	0	76.45
1647.5	0	0	76.5
1648.25	0	0	76.55
1649	0	0	76.6
1649.75	0	0	76.65
1650.5	0	0	76.7
1651.25	0	0	76.75
1652	0	0	76.8
1652.75	0	0	76.85
1653.5	0	0	76.9
1654.25	0	0	76.95
1655	0	0	77
1655.75	0	0	77.05
1656.5	0	0	77.1
1657.25	0	0	77.15
1658	0	0	77.2
1658.75	0	0	77.25
1659.5	0	0	77.3
1660.25	0	0	77.35
1661	0	0	77.4
1661.75	0	0	77.45
1662.5	0	0	77.5
1663.25	0	0	77.55
1664	0	0	77.6
1664.75	0	0	77.65
1665.5	0	0	77.7
1666.25	0	0	77.75
1667	0	0	77.8
1667.75	0	0	77.85
1668.5	0	0	77.9
1669.25	0	0	77.95
1670	0	0	78
1670.75	0	0	78.05
1671.5	0	0	78.1
1672.25	0	0	78.15
1673	0	0	78.2
1673.75	0	0	78.25
1674.5	0	0	78.3
1675.25	0	0	78.35
1676	0	0	78.4
1676.75	0	0	78.45
1677.5	0	0	78.5
1678.25	0	0	78.55
1679	0	0	78.6
1679.75	0	0	78.65
1680.5	0	0	78.7
1681.25	0	0	78.75
1682	0	0	78.8
1682.75	0	0	78.85
1683.5	0	0	78.9
1684.25	0	0	78.95
1685	0	0	79
1685.75	0	0	79.05
1686.5	0	0	79.1
1687.25	0	0	79.15
1688	0	0	79.2
1688.75	0	0	79.25
1689.5	0	0	79.3
1690.25	0	0	79.35


1588	0.5


500	0	0	0
500.75	0	0	0.05
501.5	0	0	0.1
502.25	0	0	0.15
503	0	0	0.2
503.75	0	0	0.25
504.5	0	0	0.3
505.25	0	0	0.35
506	0	0	0.4
506.75	0	0	0.45
507.5	0	0	0.5
508.25	0	0	0.55
509	0	0	0.6
509.75	0	0	0.65
510.5	0	0	0.7
511.25	0	0	0.75
512	0	0	0.8
512.75	0	0	0.85
513.5	0	0	0.9
514.25	0	0	0.95
515	0	0	1
515.75	0	0	1.05
516.5	0	0	1.1
517.25	0	0	1.15
518	0	0	1.2
518.75	0	0	1.25
519.5	0	0	1.3
520.25	0	0	1.35
521	0	0	1.4
521.75	0	0	1.45
522.5	0	0	1.5
523.25	0	0	1.55
524	0	0	1.6
524.75	0	0	1.65
525.5	0	0	1.7
526.25	0	0	1.75
527	0	0	1.8
527.75	0	0	1.85
528.5	0	0	1.9
529.25	0	0	1.95
530	0	0	2
530.75	0	0	2.05
531.5	0	0	2.1
532.25	0	0	2.15
533	0	0	2.2
533.75	0	0	2.25
534.5	0	0	2.3
535.25	0	0	2.35
536	0	0	2.4
536.75	0	0	2.45
537.5	0	0	2.5
538.25	0	0	2.55
539	0	0	2.6
539.75	0	0	2.65
540.5	0	0	2.7
541.25	0	0	2.75
542	0	0	2.8
542.75	0	0	2.85
543.5	0	0	2.9
544.25	0	0	2.95
545	0	0	3
545.75	0	0	3.05
546.5	0	0	3.1
547.25	0	0	3.15
548	0	0	3.2
548.75	0	0	3.25
549.5	0	0	3.3
550.25	0	0	3.35
551	0	0	3.4
551.75	0	0	3.45
552.5	0	0	3.5
553.25	0	0	3.55
554	0	0	3.6
554.75	0	0	3.65
555.5	0	0	3.7
556.25	0	0	3.75
557	0	0	3.8
557.75	0	0	3.85
558.5	0	0	3.9
559.25	0	0	3.95
560	0	0	4
560.75	0	0	4.05
561.5	0	0	4.1
562.25	0	0	4.15
563	0	0	4.2
563.75	0	0	4.25
564.5	0	0	4.3
565.25	0	0	4.35
566	0	0	4.4
566.75	0	0	4.45
567.5	0	0	4.5
568.25	0	0	4.55
569	0	0	4.6
569.75	0	0	4.65
570.5	0	0	4.7
571.25	0	0	4.75
572	0	0	4.8
572.75	0	0	4.85
573.5	0	0	4.9
574.25	0	0	4.95
575	0	0	5
575.75	0	0	5.05
576.5	0	0	5.1
577.25	0	0	5.15
578	0	0	5.2
578.75	0	0	5.25
579.5	0	0	5.3
580.25	0	0	5.35
581	0	0	5.4
581.75	0	0	5.45
582.5	0	0	5.5
583.25	0	0	5.55
584	0	0	5.6
584.75	0	0	5.65
585.5	0	0	5.7
586.25	0	0	5.75
587	0	0	5.8
587.75	0	0	5.85
588.5	0	0	5.9
589.25	0	0	5.95
590	0	0	6
590.75	0	0	6.05
591.5	0	0	6.1
592.25	0	0	6.15
593	0	0	6.2
593.75	0	0	6.25
594.5	0	0	6.3
595.25	0	0	6.35
596	0	0	6.4
596.75	0	0	6.45
597.5	0	0	6.5
598.25	0	0	6.55
599	0	0	6.6
599.75	0	0	6.65
600.5	0	0	6.7
601.25	0	0	6.75
602	0	0	6.8
602.75	0	0	6.85
603.5	0	0	6.9
604.25	0	0	6.95
605	0	0	7
605.75	0	0	7.05
606.5	0	0	7.1
607.25	0	0	7.15
608	0	0	7.2
608.75	0	0	7.25
609.5	0	0	7.3
610.25	0	0	7.35
611	0	0	7.4
611.75	0	0	7.45
612.5	0	0	7.5
613.25	0	0	7.55
614	0	0	7.6
614.75	0	0	7.65
615.5	0	0	7.7
616.25	0	0	7.75
617	0	0	7.8
617.75	0	0	7.85
618.5	0	0	7.9
619.25	0	0	7.95
620	0	0	8
620.75	0	0	8.05
621.5	0	0	8.1
622.25	0	0	8.15
623	0	0	8.2
623.75	0	0	8.25
624.5	0	0	8.3
625.25	0	0	8.35
626	0	0	8.4
626.75	0	0	8.45
627.5	0	0	8.5
628.25	0	0	8.55
629	0	0	8.6
629.75	0	0	8.65
630.5	0	0	8.7
631.25	0	0	8.75
632	0	0	8.8
632.75	0	0	8.85
633.5	0	0	8.9
634.25	0	0	8.95
635	0	0	9
635.75	0	0	9.05
636.5	0	0	9.1
637.25	0	0	9.15
638	0	0	9.2
638.75	0	0	9.25
639.5	0	0	9.3
640.25	0	0	9.35
641	0	0	9.4
641.75	0	0	9.45
642.5	0	0	9.5
643.25	0	0	9.55
644	0	0	9.6
644.75	0	0	9.65
645.5	0	0	9.7
646.25	0	0	9.75
647	0	0	9.8
647.75	0	0	9.85
648.5	0	0	9.9
649.25	0	0	9.95
650	0	0	10
650.75	0	0	10.05
651.5	0	0	10.1
652.25	0	0	10.15
653	0	0	10.2
653.75	0	0	10.25
654.5	0	0	10.3
655.25	0	0	10.35
656	0	0	10.4
656.75	0	0	10.45
657.5	0	0	10.5
658.25	0	0	10.55
659	0	0	10.6
659.75	0	0	10.65
660.5	0	0	10.7
661.25	0	0	10.75
662	0	0	10.8
662.75	0	0	10.85
663.5	0	0	10.9
664.25	0	0	10.95
665	0	0	11
665.75	0	0	11.05
666.5	0	0	11.1
667.25	0	0	11.15
668	0	0	11.2
668.75	0	0	11.25
669.5	0	0	11.3
670.25	0	0	11.35
671	0	0	11.4
671.75	0	0	11.45
672.5	0	0	11.5
673.25	0	0	11.55
674	0	0	11.6
674.75	0	0	11.65
675.5	0	0	11.7
676.25	0	0	11.75
677	0	0	11.8
677.75	0	0	11.85
678.5	0	0	11.9
679.25	0	0	11.95
680	0	0	12
680.75	0	0	12.05
681.5	0	0	12.1
682.25	0	0	12.15
683	0	0	12.2
683.75	0	0	12.25
684.5	0	0	12.3
685.25	0	0	12.35
686	0	0	12.4
686.75	0	0	12.45
687.5	0	0	12.5
688.25	0	0	12.55
689	0	0	12.6
689.75	0	0	12.65
690.5	0	0	12.7
691.25	0	0	12.75
692	0	0	12.8
692.75	0	0	12.85
693.5	0	0	12.9
694.25	0	0	12.95
695	0	0	13
695.75	0	0	13.05
696.5	0	0	13.1
697.25	0	0	13.15
698	0	0	13.2
698.75	0	0	13.25
699.5	0	0	13.3
700.25	0	0	13.35
701	0	0	13.4
701.75	0	0	13.45
702.5	0	0	13.5
703.25	0	0	13.55
704	0	0	13.6
704.75	0	0	13.65
705.5	0	0	13.7
706.25	0	0	13.75
707	0	0	13.8
707.75	0	0	13.85
708.5	0	0	13.9
709.25	0	0	13.95
710	0	0	14
710.75	0	0	14.05
711.5	0	0	14.1
712.25	0	0	14.15
713	0	0	14.2
713.75	0	0	14.25
714.5	0	0	14.3
715.25	0	0	14.35
716	0	0	14.4
716.75	0	0	14.45
717.5	0	0	14.5
718.25	0	0	14.55
719	0	0	14.6
719.75	0	0	14.65
720.5	0	0	14.7
721.25	0	0	14.75
722	0	0	14.8
722.75	0	0	14.85
723.5	0	0	14.9
724.25	0	0	14.95
725	0	0	15
725.75	0	0	15.05
726.5	0	0	15.1
727.25	0	0	15.15
728	0	0	15.2
728.75	0	0	15.25
729.5	0	0	15.3
730.25	0	0	15.35
731	0	0	15.4
731.75	0	0	15.45
732.5	0	0	15.5
733.25	0	0	15.55
734	0	0	15.6
734.75	0	0	15.65
735.5	0	0	15.7
736.25	0	0	15.75
737	0	0	15.8
737.75	0	0	15.85
738.5	0	0	15.9
739.25	0	0	15.95
740	0	0	16
740.75	0	0	16.05
741.5	0	0	16.1
742.25	0	0	16.15
743	0	0	16.2
743.75	0	0	16.25
744.5	0	0	16.3
745.25	0	0	16.35
746	0	0	16.4
746.75	0	0	16.45
747.5	0	0	16.5
748.25	0	0	16.55
749	0	0	16.6
749.75	0	0	16.65
750.5	0	0	16.7
751.25	0	0	16.75
752	0	0	16.8
752.75	0	0	16.85
753.5	0	0	16.9
754.25	0	0	16.95
755	0	0	17
755.75	0	0	17.05
756.5	0	0	17.1
757.25	0	0	17.15
758	0	0	17.2
758.75	0	0	17.25
759.5	0	0	17.3
760.25	0	0	17.35
761	0	0	17.4
761.75	0	0	17.45
762.5	0	0	17.5
763.25	0	0	17.55
764	0	0	17.6
764.75	0	0	17.65
765.5	0	0	17.7
766.25	0	0	17.75
767	0	0	17.8
767.75	0	0	17.85
768.5	0	0	17.9
769.25	0	0	17.95
770	0	0	18
770.75	0	0	18.05
771.5	0	0	18.1
772.25	0	0	18.15
773	0	0	18.2
773.75	0	0	18.25
774.5	0	0	18.3
775.25	0	0	18.35
776	0	0	18.4
776.75	0	0	18.45
777.5	0	0	18.5
778.25	0	0	18.55
779	0	0	18.6
779.75	0	0	18.65
780.5	0	0	18.7
781.25	0	0	18.75
782	0	0	18.8
782.75	0	0	18.85
783.5	0	0	18.9
784.25	0	0	18.95
785	0	0	19
785.75	0	0	19.05
786.5	0	0	19.1
787.25	0	0	19.15
788	0	0	19.2
788.75	0	0	19.25
789.5	0	0	19.3
790.25	0	0	19.35
791	0	0	19.4
791.75	0	0	19.45
792.5	0	0	19.5
793.25	0	0	19.55
794	0	0	19.6
794.75	0	0	19.65
795.5	0	0	19.7
796.25	0	0	19.75
797	0	0	19.8
797.75	0	0	19.85
798.5	0	0	19.9
799.25	0	0	19.95
800	0	0	20
800.75	0	0	20.05
801.5	0	0	20.1
802.25	0	0	20.15
803	0	0	20.2
803.75	0	0	20.25
804.5	0	0	20.3
805.25	0	0	20.35
806	0	0	20.4
806.75	0	0	20.45
807.5	0	0	20.5
808.25	0	0	20.55
809	0	0	20.6
809.75	0	0	20.65
810.5	0	0	20.7
811.25	0	0	20.75
812	0	0	20.8
812.75	0	0	20.85
813.5	0	0	20.9
814.25	0	0	20.95
815	0	0	21
815.75	0	0	21.05
816.5	0	0	21.1
817.25	0	0	21.15
818	0	0	21.2
818.75	0	0	21.25
819.5	0	0	21.3
820.25	0	0	21.35
821	0	0	21.4
821.75	0	0	21.45
822.5	0	0	21.5
823.25	0	0	21.55
824	0	0	21.6
824.75	0	0	21.65
825.5	0	0	21.7
826.25	0	0	21.75
827	0	0	21.8
827.75	0	0	21.85
828.5	0	0	21.9
829.25	0	0	21.95
830	0	0	22
830.75	0	0	22.05
831.5	0	0	22.1
832.25	0	0	22.15
833	0	0	22.2
833.75	0	0	22.25
834.5	0	0	22.3
835.25	0	0	22.35
836	0	0	22.4
836.75	0	0	22.45
837.5	0	0	22.5
838.25	0	0	22.55
839	0	0	22.6
839.75	0	0	22.65
840.5	0	0	22.7
841.25	0	0	22.75
842	0	0	22.8
842.75	0	0	22.85
843.5	0	0	22.9
844.25	0	0	22.95
845	0	0	23
845.75	0	0	23.05
846.5	0	0	23.1
847.25	0	0	23.15
848	0	0	23.2
848.75	0	0	23.25
849.5	0	0	23.3
850.25	0	0	23.35
851	0	0	23.4
851.75	0	0	23.45
852.5	0	0	23.5
853.25	0	0	23.55
854	0	0	23.6
854.75	0	0	23.65
855.5	0	0	23.7
856.25	0	0	23.75
857	0	0	23.8
857.75	0	0	23.85
858.5	0	0	23.9
859.25	0	0	23.95
860	0	0	24
860.75	0	0	24.05
861.5	0	0	24.1
862.25	0	0	24.15
863	0	0	24.2
863.75	0	0	24.25
864.5	0	0	24.3
865.25	0	0	24.35
866	0	0	24.4
866.75	0	0	24.45
867.5	0	0	24.5
868.25	0	0	24.55
869	0	0	24.6
869.75	0	0	24.65
870.5	0	0	24.7
871.25	0	0	24.75
872	0	0	24.8
872.75	0	0	24.85
873.5	0	0	24.9
874.25	0	0	24.95
875	0	0	25
875.75	0	0	25.05
876.5	0	0	25.1
877.25	0	0	25.15
878	0	0	25.2
878.75	0	0	25.25
879.5	0	0	25.3
880.25	0	0	25.35
881	0	0	25.4
881.75	0	0	25.45
882.5	0	0	25.5
883.25	0	0	25.55
884	0	0	25.6
884.75	0	0	25.65
885.5	0	0	25.7
886.25	0	0	25.75
887	0	0	25.8
887.75	0	0	25.85
888.5	0	0	25.9
889.25	0	0	25.95
890	0	0	26
890.75	0	0	26.05
891.5	0	0	26.1
892.25	0	0	26.15
893	0	0	26.2
893.75	0	0	26.25
894.5	0	0	26.3
895.25	0	0	26.35
896	0	0	26.4
896.75	0	0	26.45
897.5	0	0	26.5
898.25	0	0	26.55
899	0	0	26.6
899.75	0	0	26.65
900.5	0	0	26.7
901.25	0	0	26.75
902	0	0	26.8
902.75	0	0	26.85
903.5	0	0	26.9
904.25	0	0	26.95
905	0	0	27
905.75	0	0	27.05
906.5	0	0	27.1
907.25	0	0	27.15
908	0	0	27.2
908.75	0	0	27.25
909.5	0	0	27.3
910.25	0	0	27.35
911	0	0	27.4
911.75	0	0	27.45
912.5	0	0	27.5
913.25	0	0	27.55
914	0	0	27.6
914.75	0	0	27.65
915.5	0	0	27.7
916.25	0	0	27.75
917	0	0	27.8
917.75	0	0	27.85
918.5	0	0	27.9
919.25	0	0	27.95
920	0	0	28
920.75	0	0	28.05
921.5	0	0	28.1
922.25	0	0	28.15
923	0	0	28.2
923.75	0	0	28.25
924.5	0	0	28.3
925.25	0	0	28.35
926	0	0	28.4
926.75	0	0	28.45
927.5	0	0	28.5
928.25	0	0	28.55
929	0	0	28.6
929.75	0	0	28.65
930.5	0	0	28.7
931.25	0	0	28.75
932	0	0	28.8
932.75	0	0	28.85
933.5	0	0	28.9
934.25	0	0	28.95
935	0	0	29
935.75	0	0	29.05
936.5	0	0	29.1
937.25	0	0	29.15
938	0	0	29.2
938.75	0	0	29.25
939.5	0	0	29.3
940.25	0	0	29.35
941	0	0	29.4
941.75	0	0	29.45
942.5	0	0	29.5
943.25	0	0	29.55
944	0	0	29.6
944.75	0	0	29.65
945.5	0	0	29.7
946.25	0	0	29.75
947	0	0	29.8
947.75	0	0	29.85
948.5	0	0	29.9
949.25	0	0	29.95
950	0	0	30
950.75	0	0	30.05
951.5	0	0	30.1
952.25	0	0	30.15
953	0	0	30.2
953.75	0	0	30.25
954.5	0	0	30.3
955.25	0	0	30.35
956	0	0	30.4
956.75	0	0	30.45
957.5	0	0	30.5
958.25	0	0	30.55
959	0	0	30.6
959.75	0	0	30.65
960.5	0	0	30.7
961.25	0	0	30.75
962	0	0	30.8
962.75	0	0	30.85
963.5	0	0	30.9
964.25	0	0	30.95
965	0	0	31
965.75	0	0	31.05
966.5	0	0	31.1
967.25	0	0	31.15
968	0	0	31.2
968.75	0	0	31.25
969.5	0	0	31.3
970.25	0	0	31.35
971	0	0	31.4
971.75	0	0	31.45
972.5	0	0	31.5
973.25	0	0	31.55
974	0	0	31.6
974.75	0	0	31.65
975.5	0	0	31.7
976.25	0	0	31.75
977	0	0	31.8
977.75	0	0	31.85
978.5	0	0	31.9
979.25	0	0	31.95
980	0	0	32
980.75	0	0	32.05
981.5	0	0	32.1
982.25	0	0	32.15
983	0	0	32.2
983.75	0	0	32.25
984.5	0	0	32.3
985.25	0	0	32.35
986	0	0	32.4
986.75	0	0	32.45
987.5	0	0	32.5
988.25	0	0	32.55
989	0	0	32.6
989.75	0	0	32.65
990.5	0	0	32.7
991.25	0	0	32.75
992	0	0	32.8
992.75	0	0	32.85
993.5	0	0	32.9
994.25	0	0	32.95
995	0	0	33
995.75	0	0	33.05
996.5	0	0	33.1
997.25	0	0	33.15
998	0	0	33.2
998.75	0	0	33.25
999.5	0	0	33.3
1000.25	0	0	33.35
1001	0	0	33.4
1001.75	0	0	33.45
1002.5	0	0	33.5
1003.25	0	0	33.55
1004	0	0	33.6
1004.75	0	0	33.65
1005.5	0	0	33.7
1006.25	0	0	33.75
1007	0	0	33.8
1007.75	0	0	33.85
1008.5	0	0	33.9
1009.25	0	0	33.95
1010	0	0	34
1010.75	0	0	34.05
1011.5	0	0	34.1
1012.25	0	0	34.15
1013	0	0	34.2
1013.75	0	0	34.25
1014.5	0	0	34.3
1015.25	0	0	34.35
1016	0	0	34.4
1016.75	0	0	34.45
1017.5	0	0	34.5
1018.25	0	0	34.55
1019	0	0	34.6
1019.75	0	0	34.65
1020.5	0	0	34.7
1021.25	0	0	34.75
1022	0	0	34.8
1022.75	0	0	34.85
1023.5	0	0	34.9
1024.25	0	0	34.95
1025	0	0	35
1025.75	0	0	35.05
1026.5	0	0	35.1
1027.25	0	0	35.15
1028	0	0	35.2
1028.75	0	0	35.25
1029.5	0	0	35.3
1030.25	0	0	35.35
1031	0	0	35.4
1031.75	0	0	35.45
1032.5	0	0	35.5
1033.25	0	0	35.55
1034	0	0	35.6
1034.75	0	0	35.65
1035.5	0	0	35.7
1036.25	0	0	35.75
1037	0	0	35.8
1037.75	0	0	35.85
1038.5	0	0	35.9
1039.25	0	0	35.95
1040	0	0	36
1040.75	0	0	36.05
1041.5	0	0	36.1
1042.25	0	0	36.15
1043	0	0	36.2
1043.75	0	0	36.25
1044.5	0	0	36.3
1045.25	0	0	36.35
1046	0	0	36.4
1046.75	0	0	36.45
1047.5	0	0	36.5
1048.25	0	0	36.55
1049	0	0	36.6
1049.75	0	0	36.65
1050.5	0	0	36.7
1051.25	0	0	36.75
1052	0	0	36.8
1052.75	0	0	36.85
1053.5	0	0	36.9
1054.25	0	0	36.95
1055	0	0	37
1055.75	0	0	37.05
1056.5	0	0	37.1
1057.25	0	0	37.15
1058	0	0	37.2
1058.75	0	0	37.25
1059.5	0	0	37.3
1060.25	0	0	37.35
1061	0	0	37.4
1061.75	0	0	37.45
1062.5	0	0	37.5
1063.25	0	0	37.55
1064	0	0	37.6
1064.75	0	0	37.65
1065.5	0	0	37.7
1066.25	0	0	37.75
1067	0	0	37.8
1067.75	0	0	37.85
1068.5	0	0	37.9
1069.25	0	0	37.95
1070	0	0	38
1070.75	0	0	38.05
1071.5	0	0	38.1
1072.25	0	0	38.15
1073	0	0	38.2
1073.75	0	0	38.25
1074.5	0	0	38.3
1075.25	0	0	38.35
1076	0	0	38.4
1076.75	0	0	38.45
1077.5	0	0	38.5
1078.25	0	0	38.55
1079	0	0	38.6
1079.75	0	0	38.65
1080.5	0	0	38.7
1081.25	0	0	38.75
1082	0	0	38.8
1082.75	0	0	38.85
1083.5	0	0	38.9
1084.25	0	0	38.95
1085	0	0	39
1085.75	0	0	39.05
1086.5	0	0	39.1
1087.25	0	0	39.15
1088	0	0	39.2
1088.75	0	0	39.25
1089.5	0	0	39.3
1090.25	0	0	39.35
1091	0	0	39.4
1091.75	0	0	39.45
1092.5	0	0	39.5
1093.25	0	0	39.55
1094	0	0	39.6
1094.75	0	0	39.65
1095.5	0	0	39.7
1096.25	0	0	39.75
1097	0	0	39.8
1097.75	0	0	39.85
1098.5	0	0	39.9
1099.25	0	0	39.95
1100	0	0	40
1100.75	0	0	40.05
1101.5	0	0	40.1
1102.25	0	0	40.15
1103	0	0	40.2
1103.75	0	0	40.25
1104.5	0	0	40.3
1105.25	0	0	40.35
1106	0	0	40.4
1106.75	0	0	40.45
1107.5	0	0	40.5
1108.25	0	0	40.55
1109	0	0	40.6
1109.75	0	0	40.65
1110.5	0	0	40.7
1111.25	0	0	40.75
1112	0	0	40.8
1112.75	0	0	40.85
1113.5	0	0	40.9
1114.25	0	0	40.95
1115	0	0	41
1115.75	0	0	41.05
1116.5	0	0	41.1
1117.25	0	0	41.15
1118	0	0	41.2
1118.75	0	0	41.25
1119.5	0	0	41.3
1120.25	0	0	41.35
1121	0	0	41.4
1121.75	0	0	41.45
1122.5	0	0	41.5
1123.25	0	0	41.55
1124	0	0	41.6
1124.75	0	0	41.65
1125.5	0	0	41.7
1126.25	0	0	41.75
1127	0	0	41.8
1127.75	0	0	41.85
1128.5	0	0	41.9
1129.25	0	0	41.95
1130	0	0	42
1130.75	0	0	42.05
1131.5	0	0	42.1
1132.25	0	0	42.15
1133	0	0	42.2
1133.75	0	0	42.25
1134.5	0	0	42.3
1135.25	0	0	42.35
1136	0	0	42.4
1136.75	0	0	42.45
1137.5	0	0	42.5
1138.25	0	0	42.55
1139	0	0	42.6
1139.75	0	0	42.65
1140.5	0	0	42.7
1141.25	0	0	42.75
1142	0	0	42.8
1142.75	0	0	42.85
1143.5	0	0	42.9
1144.25	0	0	42.95
1145	0	0	43
1145.75	0	0	43.05
1146.5	0	0	43.1
1147.25	0	0	43.15
1148	0	0	43.2
1148.75	0	0	43.25
1149.5	0	0	43.3
1150.25	0	0	43.35
1151	0	0	43.4
1151.75	0	0	43.45
1152.5	0	0	43.5
1153.25	0	0	43.55
1154	0	0	43.6
1154.75	0	0	43.65
1155.5	0	0	43.7
1156.25	0	0	43.75
1157	0	0	43.8
1157.75	0	0	43.85
1158.5	0	0	43.9
1159.25	0	0	43.95
1160	0	0	44
1160.75	0	0	44.05
1161.5	0	0	44.1
1162.25	0	0	44.15
1163	0	0	44.2
1163.75	0	0	44.25
1164.5	0	0	44.3
1165.25	0	0	44.35
1166	0	0	44.4
1166.75	0	0	44.45
1167.5	0	0	44.5
1168.25	0	0	44.55
1169	0	0	44.6
1169.75	0	0	44.65
1170.5	0	0	44.7
1171.25	0	0	44.75
1172	0	0	44.8
1172.75	0	0	44.85
1173.5	0	0	44.9
1174.25	0	0	44.95
1175	0	0	45
1175.75	0	0	45.05
1176.5	0	0	45.1
1177.25	0	0	45.15
1178	0	0	45.2
1178.75	0	0	45.25
1179.5	0	0	45.3
1180.25	0	0	45.35
1181	0	0	45.4
1181.75	0	0	45.45
1182.5	0	0	45.5
1183.25	0	0	45.55
1184	0	0	45.6
1184.75	0	0	45.65
1185.5	0	0	45.7
1186.25	0	0	45.75
1187	0	0	45.8
1187.75	0	0	45.85
1188.5	0	0	45.9
1189.25	0	0	45.95
1190	0	0	46
1190.75	0	0	46.05
1191.5	0	0	46.1
1192.25	0	0	46.15
1193	0	0	46.2
1193.75	0	0	46.25
1194.5	0	0	46.3
1195.25	0	0	46.35
1196	0	0	46.4
1196.75	0	0	46.45
1197.5	0	0	46.5
1198.25	0	0	46.55
1199	0	0	46.6
1199.75	0	0	46.65
1200	0	0	46.65
1200.32086	0.0011026	0.0034363762	46.671390793
1200.68288	0.0043808	0.0090550533	46.6955264491
1201.08522	0.0097902	0.0134440376	46.72235154
1201.52704	0.0172864	0.0169650102	46.7518104458
1202.0075	0.026825	0.0198504498	46.7838474242
1202.52576	0.0383616	0.0222565798	46.8184066501
1203.08098	0.0518518	0.0242922559	46.8554322409
1203.67232	0.0672512	0.0260356484	46.8948682727
1204.29894	0.0845154	0.027544339	46.9366587914
1204.96	0.1036	0.0288616776	46.9807478198
1205.65466	0.1244606	0.0300209206	47.0270793632
1206.38208	0.1470528	0.0310480054	47.0755974132
1207.14142	0.1713322	0.0319634564	47.1262459505
1207.93184	0.1972544	0.0327837258	47.1789689472
1208.7525	0.224775	0.0335221536	47.2337103685
1209.60256	0.2538496	0.0341896694	47.2904141734
1210.48118	0.2844338	0.0347953109	47.3490243165
1211.38752	0.3164832	0.0353466156	47.4094847484
1212.32074	0.3499534	0.0358499174	47.4717394161
1213.28	0.3848	0.036310577	47.5357322641
1214.26446	0.4209786	0.0367331596	47.6014072342
1215.27328	0.4584448	0.0371215765	47.6687082664
1216.30562	0.4971542	0.0374791962	47.7375792986
1217.36064	0.5370624	0.0378089342	47.8079642675
1218.4375	0.578125	0.0381133251	47.8798071082
1219.53536	0.6202976	0.0383945814	47.9530517548
1220.65338	0.6635358	0.0386546418	48.0276421403
1221.79072	0.7077952	0.0388952105	48.1035221968
1222.94654	0.7530314	0.0391177901	48.1806358557
1224.12	0.7992	0.0393237093	48.2589270475
1225.31026	0.8462566	0.0395141453	48.3383397023
1226.51648	0.8941568	0.0396901435	48.4188177495
1227.73782	0.9428562	0.0398526334	48.500305118
1228.97344	0.9923104	0.0400024428	48.5827457364
1230.2225	1.042475	0.0401403092	48.6660835329
1231.48416	1.0933056	0.04026689	48.7502624351
1232.75758	1.1447578	0.0403827709	48.8352263706
1234.04192	1.1967872	0.0404884735	48.9209192666
1235.33634	1.2493494	0.0405844613	49.0072850499
1236.64	1.3024	0.0406711456	49.0942676475
1237.95206	1.3558946	0.0407488895	49.1818109857
1239.27168	1.4097888	0.0408180123	49.269858991
1240.59802	1.4640382	0.040878793	49.3583555897
1241.93024	1.5185984	0.0409314729	49.4472447077
1243.2675	1.573425	0.0409762581	49.5364702711
1244.60896	1.6284736	0.041013322	49.6259762059
1245.95378	1.6836998	0.0410428063	49.7157064378
1247.30112	1.7390592	0.041064823	49.8056048926
1248.65014	1.7945074	0.0410794551	49.895615496
1250	1.85	0.0410867574	49.9856821737
1251.34986	1.9054926	0.0410867574	50.0757488514
1252.69888	1.9609408	0.0410794551	50.1657594548
1254.04622	2.0163002	0.041064823	50.2556579096
1255.39104	2.0715264	0.0410428063	50.3453881415
1256.7325	2.126575	0.041013322	50.4348940762
1258.06976	2.1814016	0.0409762581	50.5241196397
1259.40198	2.2359618	0.0409314729	50.6130087577
1260.72832	2.2902112	0.040878793	50.7015053564
1262.04794	2.3441054	0.0408180123	50.7895533617
1263.36	2.3976	0.0407488895	50.8770966999
1264.66366	2.4506506	0.0406711456	50.9640792975
1265.95808	2.5032128	0.0405844613	51.0504450808
1267.24242	2.5552422	0.0404884735	51.1361379768
1268.51584	2.6066944	0.0403827709	51.2211019123
1269.7775	2.657525	0.04026689	51.3052808145
1271.02656	2.7076896	0.0401403092	51.3886186109
1272.26218	2.7571438	0.0400024428	51.4710592294
1273.48352	2.8058432	0.0398526334	51.5525465979
1274.68974	2.8537434	0.0396901435	51.6330246451
1275.88	2.9008	0.0395141453	51.7124372999
1277.05346	2.9469686	0.0393237093	51.7907284917
1278.20928	2.9922048	0.0391177901	51.8678421505
1279.34662	3.0364642	0.0388952105	51.9437222071
1280.46464	3.0797024	0.0386546418	52.0183125926
1281.5625	3.121875	0.0383945814	52.0915572392
1282.63936	3.1629376	0.0381133251	52.1634000799
1283.69438	3.2028458	0.0378089342	52.2337850488
1284.72672	3.2415552	0.0374791962	52.302656081
1285.73554	3.2790214	0.0371215765	52.3699571132
1286.72	3.3152	0.0367331596	52.4356320833
1287.67926	3.3500466	0.036310577	52.4996249313
1288.61248	3.3835168	0.0358499174	52.561879599
1289.51882	3.4155662	0.0353466156	52.6223400309
1290.39744	3.4461504	0.0347953109	52.680950174
1291.2475	3.475225	0.0341896694	52.7376539789
1292.06816	3.5027456	0.0335221536	52.7923954001
1292.85858	3.5286678	0.0327837258	52.8451183969
1293.61792	3.5529472	0.0319634564	52.8957669342
1294.34534	3.5755394	0.0310480054	52.9442849842
1295.04	3.5964	0.0300209206	52.9906165276
1295.70106	3.6154846	0.0288616776	53.034705556
1296.32768	3.6327488	0.027544339	53.0764960747
1296.91902	3.6481482	0.0260356484	53.1159321065
1297.47424	3.6616384	0.0242922559	53.1529576973
1297.9925	3.673175	0.0222565798	53.1875169232
1298.47296	3.6827136	0.0198504498	53.2195539016
1298.91478	3.6902098	0.0169650102	53.2490128074
1299.31712	3.6956192	0.0134440376	53.2758378983
1299.67914	3.6988974	0.0090550533	53.2999735544
1300	3.7	0.0034363762	53.3213643474
1300.75	3.7	0	53.3713643474
1301.5	3.7	0	53.4213643474
1302.25	3.7	0	53.4713643474
1303	3.7	0	53.5213643474
1303.75	3.7	0	53.5713643474
1304.5	3.7	0	53.6213643474
1305.25	3.7	0	53.6713643474
1306	3.7	0	53.7213643474
1306.75	3.7	0	53.7713643474
1307.5	3.7	0	53.8213643474
1308.25	3.7	0	53.8713643474
1309	3.7	0	53.9213643474
1309.75	3.7	0	53.9713643474
1310.5	3.7	0	54.0213643474
1311.25	3.7	0	54.0713643474
1312	3.7	0	54.1213643474
1312.75	3.7	0	54.1713643474
1313.5	3.7	0	54.2213643474
1314.25	3.7	0	54.2713643474
1315	3.7	0	54.3213643474
1315.75	3.7	0	54.3713643474
1316.5	3.7	0	54.4213643474
1317.25	3.7	0	54.4713643474
1318	3.7	0	54.5213643474
1318.75	3.7	0	54.5713643474
1319.5	3.7	0	54.6213643474
1320.25	3.7	0	54.6713643474
1321	3.7	0	54.7213643474
1321.75	3.7	0	54.7713643474
1322.5	3.7	0	54.8213643474
1323.25	3.7	0	54.8713643474
1324	3.7	0	54.9213643474
1324.75	3.7	0	54.9713643474
1325.5	3.7	0	55.0213643474
1326.25	3.7	0	55.0713643474
1327	3.7	0	55.1213643474
1327.75	3.7	0	55.1713643474
1328.5	3.7	0	55.2213643474
1329.25	3.7	0	55.2713643474
1330	3.7	0	55.3213643474
1330.75	3.7	0	55.3713643474
1331.5	3.7	0	55.4213643474
1332.25	3.7	0	55.4713643474
1333	3.7	0	55.5213643474
1333.75	3.7	0	55.5713643474
1334.5	3.7	0	55.6213643474
1335.25	3.7	0	55.6713643474
1336	3.7	0	55.7213643474
1336.75	3.7	0	55.7713643474
1337.5	3.7	0	55.8213643474
1338.25	3.7	0	55.8713643474
1339	3.7	0	55.9213643474
1339.75	3.7	0	55.9713643474
1340.5	3.7	0	56.0213643474
1341.25	3.7	0	56.0713643474
1342	3.7	0	56.1213643474
1342.75	3.7	0	56.1713643474
1343.5	3.7	0	56.2213643474
1344.25	3.7	0	56.2713643474
1345	3.7	0	56.3213643474
1345.75	3.7	0	56.3713643474
1346.5	3.7	0	56.4213643474
1347.25	3.7	0	56.4713643474
1348	3.7	0	56.5213643474
1348.75	3.7	0	56.5713643474
1349.5	3.7	0	56.6213643474
1350.25	3.7	0	56.6713643474
1351	3.7	0	56.7213643474
1351.75	3.7	0	56.7713643474
1352.5	3.7	0	56.8213643474
1353.25	3.7	0	56.8713643474
1354	3.7	0	56.9213643474
1354.75	3.7	0	56.9713643474
1355.5	3.7	0	57.0213643474
1356.25	3.7	0	57.0713643474
1357	3.7	0	57.1213643474
1357.75	3.7	0	57.1713643474
1358.5	3.7	0	57.2213643474
1359.25	3.7	0	57.2713643474
1360	3.7	0	57.3213643474
1360.75	3.7	0	57.3713643474
1361.5	3.7	0	57.4213643474
1362.25	3.7	0	57.4713643474
1363	3.7	0	57.5213643474
1363.75	3.7	0	57.5713643474
1364.5	3.7	0	57.6213643474
1365.25	3.7	0	57.6713643474
1366	3.7	0	57.7213643474
1366.75	3.7	0	57.7713643474
1367.5	3.7	0	57.8213643474
1368.25	3.7	0	57.8713643474
1369	3.7	0	57.9213643474
1369.75	3.7	0	57.9713643474
1370.5	3.7	0	58.0213643474
1371.25	3.7	0	58.0713643474
1372	3.7	0	58.1213643474
1372.75	3.7	0	58.1713643474
1373.5	3.7	0	58.2213643474
1374.25	3.7	0	58.2713643474
1375	3.7	0	58.3213643474
1375.75	3.7	0	58.3713643474
1376.5	3.7	0	58.4213643474
1377.25	3.7	0	58.4713643474
1378	3.7	0	58.5213643474
1378.75	3.7	0	58.5713643474
1379.5	3.7	0	58.6213643474
1380.25	3.7	0	58.6713643474
1381	3.7	0	58.7213643474
1381.75	3.7	0	58.7713643474
1382.5	3.7	0	58.8213643474
1383.25	3.7	0	58.8713643474
1384	3.7	0	58.9213643474
1384.75	3.7	0	58.9713643474
1385.5	3.7	0	59.0213643474
1386.25	3.7	0	59.0713643474
1387	3.7	0	59.1213643474
1387.75	3.7	0	59.1713643474
1388.5	3.7	0	59.2213643474
1389.25	3.7	0	59.2713643474
1390	3.7	0	59.3213643474
1390.75	3.7	0	59.3713643474
1391.5	3.7	0	59.4213643474
1392.25	3.7	0	59.4713643474
1393	3.7	0	59.5213643474
1393.75	3.7	0	59.5713643474
1394.5	3.7	0	59.6213643474
1395.25	3.7	0	59.6713643474
1396	3.7	0	59.7213643474
1396.75	3.7	0	59.7713643474
1397.5	3.7	0	59.8213643474
1398.25	3.7	0	59.8713643474
1399	3.7	0	59.9213643474
1399.75	3.7	0	59.9713643474
1400.5	3.7	0	60.0213643474
1401.25	3.7	0	60.0713643474
1402	3.7	0	60.1213643474
1402.75	3.7	0	60.1713643474
1403.5	3.7	0	60.2213643474
1404.25	3.7	0	60.2713643474
1405	3.7	0	60.3213643474
1405.75	3.7	0	60.3713643474
1406.5	3.7	0	60.4213643474
1407.25	3.7	0	60.4713643474
1408	3.7	0	60.5213643474
1408.75	3.7	0	60.5713643474
1409.5	3.7	0	60.6213643474
1410.25	3.7	0	60.6713643474
1411	3.7	0	60.7213643474
1411.75	3.7	0	60.7713643474
1412.5	3.7	0	60.8213643474
1413.25	3.7	0	60.8713643474
1414	3.7	0	60.9213643474
1414.75	3.7	0	60.9713643474
1415.5	3.7	0	61.0213643474
1416.25	3.7	0	61.0713643474
1417	3.7	0	61.1213643474
1417.75	3.7	0	61.1713643474
1418.5	3.7	0	61.2213643474
1419.25	3.7	0	61.2713643474
1420	3.7	0	61.3213643474
1420.75	3.7	0	61.3713643474
1421.5	3.7	0	61.4213643474
1422.25	3.7	0	61.4713643474
1423	3.7	0	61.5213643474
1423.75	3.7	0	61.5713643474
1424.5	3.7	0	61.6213643474
1425.25	3.7	0	61.6713643474
1426	3.7	0	61.7213643474
1426.75	3.7	0	61.7713643474
1427.5	3.7	0	61.8213643474
1428.25	3.7	0	61.8713643474
1429	3.7	0	61.9213643474
1429.75	3.7	0	61.9713643474
1430.5	3.7	0	62.0213643474
1431.25	3.7	0	62.0713643474
1432	3.7	0	62.1213643474
1432.75	3.7	0	62.1713643474
1433.5	3.7	0	62.2213643474
1434.25	3.7	0	62.2713643474
1435	3.7	0	62.3213643474
1435.75	3.7	0	62.3713643474
1436.5	3.7	0	62.4213643474
1437.25	3.7	0	62.4713643474
1438	3.7	0	62.5213643474
1438.75	3.7	0	62.5713643474
1439.5	3.7	0	62.6213643474
1440.25	3.7	0	62.6713643474
1441	3.7	0	62.7213643474
1441.75	3.7	0	62.7713643474
1442.5	3.7	0	62.8213643474
1443.25	3.7	0	62.8713643474
1444	3.7	0	62.9213643474
1444.75	3.7	0	62.9713643474
1445.5	3.7	0	63.0213643474
1446.25	3.7	0	63.0713643474
1447	3.7	0	63.1213643474
1447.75	3.7	0	63.1713643474
1448.5	3.7	0	63.2213643474
1449.25	3.7	0	63.2713643474
1450	3.7	0	63.3213643474
1450.75	3.7	0	63.3713643474
1451.5	3.7	0	63.4213643474
1452.25	3.7	0	63.4713643474
1453	3.7	0	63.5213643474
1453.75	3.7	0	63.5713643474
1454.5	3.7	0	63.6213643474
1455.25	3.7	0	63.6713643474
1456	3.7	0	63.7213643474
1456.75	3.7	0	63.7713643474
1457.5	3.7	0	63.8213643474
1458.25	3.7	0	63.8713643474
1459	3.7	0	63.9213643474
1459.75	3.7	0	63.9713643474
1460.5	3.7	0	64.0213643474
1461.25	3.7	0	64.0713643474
1462	3.7	0	64.1213643474
1462.75	3.7	0	64.1713643474
1463.5	3.7	0	64.2213643474
1464.25	3.7	0	64.2713643474
1465	3.7	0	64.3213643474
1465.75	3.7	0	64.3713643474
1466.5	3.7	0	64.4213643474
1467.25	3.7	0	64.4713643474
1468	3.7	0	64.5213643474
1468.75	3.7	0	64.5713643474
1469.5	3.7	0	64.6213643474
1470.25	3.7	0	64.6713643474
1471	3.7	0	64.7213643474
1471.75	3.7	0	64.7713643474
1472.5	3.7	0	64.8213643474
1473.25	3.7	0	64.8713643474
1474	3.7	0	64.9213643474
1474.75	3.7	0	64.9713643474
1475.5	3.7	0	65.0213643474
1476.25	3.7	0	65.0713643474
1477	3.7	0	65.1213643474
1477.75	3.7	0	65.1713643474
1478.5	3.7	0	65.2213643474
1479.25	3.7	0	65.2713643474
1480	3.7	0	65.3213643474
1480.75	3.7	0	65.3713643474
1481.5	3.7	0	65.4213643474
1482.25	3.7	0	65.4713643474
1483	3.7	0	65.5213643474
1483.75	3.7	0	65.5713643474
1484.5	3.7	0	65.6213643474
1485.25	3.7	0	65.6713643474
1486	3.7	0	65.7213643474
1486.75	3.7	0	65.7713643474
1487.5	3.7	0	65.8213643474
1488.25	3.7	0	65.8713643474
1489	3.7	0	65.9213643474
1489.75	3.7	0	65.9713643474
1490.5	3.7	0	66.0213643474
1491.25	3.7	0	66.0713643474
1492	3.7	0	66.1213643474
1492.75	3.7	0	66.1713643474
1493.5	3.7	0	66.2213643474
1494.25	3.7	0	66.2713643474
1495	3.7	0	66.3213643474
1495.75	3.7	0	66.3713643474
1496.5	3.7	0	66.4213643474
1497.25	3.7	0	66.4713643474
1498	3.7	0	66.5213643474
1498.75	3.7	0	66.5713643474
1499.5	3.7	0	66.6213643474
1500.25	3.7	0	66.6713643474
1501	3.7	0	66.7213643474
1501.75	3.7	0	66.7713643474
1502.5	3.7	0	66.8213643474
1503.25	3.7	0	66.8713643474
1504	3.7	0	66.9213643474
1504.75	3.7	0	66.9713643474
1505.5	3.7	0	67.0213643474
1506.25	3.7	0	67.0713643474
1507	3.7	0	67.1213643474
1507.75	3.7	0	67.1713643474
1508.5	3.7	0	67.2213643474
1509.25	3.7	0	67.2713643474
1510	3.7	0	67.3213643474
1510.75	3.7	0	67.3713643474
1511.5	3.7	0	67.4213643474
1512.25	3.7	0	67.4713643474
1513	3.7	0	67.5213643474
1513.75	3.7	0	67.5713643474
1514.5	3.7	0	67.6213643474
1515.25	3.7	0	67.6713643474
1516	3.7	0	67.7213643474
1516.75	3.7	0	67.7713643474
1517.5	3.7	0	67.8213643474
1518.25	3.7	0	67.8713643474
1519	3.7	0	67.9213643474
1519.75	3.7	0	67.9713643474
1520.5	3.7	0	68.0213643474
1521.25	3.7	0	68.0713643474
1522	3.7	0	68.1213643474
1522.75	3.7	0	68.1713643474
1523.5	3.7	0	68.2213643474
1524.25	3.7	0	68.2713643474
1525	3.7	0	68.3213643474
1525.75	3.7	0	68.3713643474
1526.5	3.7	0	68.4213643474
1527.25	3.7	0	68.4713643474
1528	3.7	0	68.5213643474
1528.75	3.7	0	68.5713643474
1529.5	3.7	0	68.6213643474
1530.25	3.7	0	68.6713643474
1531	3.7	0	68.7213643474
1531.75	3.7	0	68.7713643474
1532.5	3.7	0	68.8213643474
1533.25	3.7	0	68.8713643474
1534	3.7	0	68.9213643474
1534.75	3.7	0	68.9713643474
1535.5	3.7	0	69.0213643474
1536.25	3.7	0	69.0713643474
1537	3.7	0	69.1213643474
1537.75	3.7	0	69.1713643474
1538.5	3.7	0	69.2213643474
1539.25	3.7	0	69.2713643474
1540	3.7	0	69.3213643474
1540.75	3.7	0	69.3713643474
1541.5	3.7	0	69.4213643474
1542.25	3.7	0	69.4713643474
1543	3.7	0	69.5213643474
1543.75	3.7	0	69.5713643474
1544.5	3.7	0	69.6213643474
1545.25	3.7	0	69.6713643474
1546	3.7	0	69.7213643474
1546.75	3.7	0	69.7713643474
1547.5	3.7	0	69.8213643474
1548.25	3.7	0	69.8713643474
1549	3.7	0	69.9213643474
1549.75	3.7	0	69.9713643474
1550.5	3.7	0	70.0213643474
1551.25	3.7	0	70.0713643474
1552	3.7	0	70.1213643474
1552.75	3.7	0	70.1713643474
1553.5	3.7	0	70.2213643474
1554.25	3.7	0	70.2713643474
1555	3.7	0	70.3213643474
1555.75	3.7	0	70.3713643474
1556.5	3.7	0	70.4213643474
1557.25	3.7	0	70.4713643474
1558	3.7	0	70.5213643474
1558.75	3.7	0	70.5713643474
1559.5	3.7	0	70.6213643474
1560.25	3.7	0	70.6713643474
1561	3.7	0	70.7213643474
1561.75	3.7	0	70.7713643474
1562.5	3.7	0	70.8213643474
1563.25	3.7	0	70.8713643474
1564	3.7	0	70.9213643474
1564.75	3.7	0	70.9713643474
1565.5	3.7	0	71.0213643474
1566.25	3.7	0	71.0713643474
1567	3.7	0	71.1213643474
1567.75	3.7	0	71.1713643474
1568.5	3.7	0	71.2213643474
1569.25	3.7	0	71.2713643474
1570	3.7	0	71.3213643474
1570.75	3.7	0	71.3713643474
1571.5	3.7	0	71.4213643474
1572.25	3.7	0	71.4713643474
1573	3.7	0	71.5213643474
1573.75	3.7	0	71.5713643474
1574.5	3.7	0	71.6213643474
1575.25	3.7	0	71.6713643474
1576	3.7	0	71.7213643474
1576.75	3.7	0	71.7713643474
1577.5	3.7	0	71.8213643474
1578.25	3.7	0	71.8713643474
1579	3.7	0	71.9213643474
1579.75	3.7	0	71.9713643474
1580.5	3.7	0	72.0213643474
1581.25	3.7	0	72.0713643474
1582	3.7	0	72.1213643474
1582.75	3.7	0	72.1713643474
1583.5	3.7	0	72.2213643474
1584.25	3.7	0	72.2713643474
1585	3.7	0	72.3213643474
1585.75	3.7	0	72.3713643474
1586.5	3.7	0	72.4213643474
1587.25	3.7	0	72.4713643474
1588	3.7	0	72.5213643474
1588.75	3.7	0	72.5713643474
1589.5	3.7	0	72.6213643474
1590.25	3.7	0	72.6713643474
1591	3.7	0	72.7213643474
1591.75	3.7	0	72.7713643474
1592.5	3.7	0	72.8213643474
1593.25	3.7	0	72.8713643474
1594	3.7	0	72.9213643474
1594.75	3.7	0	72.9713643474
1595.5	3.7	0	73.0213643474
1596.25	3.7	0	73.0713643474
1597	3.7	0	73.1213643474
1597.75	3.7	0	73.1713643474
1598.5	3.7	0	73.2213643474
1599.25	3.7	0	73.2713643474
1600	3.7	0	73.3213643474
1600.75	3.7	0	73.3713643474
1601.5	3.7	0	73.4213643474
1602.25	3.7	0	73.4713643474
1603	3.7	0	73.5213643474
1603.75	3.7	0	73.5713643474
1604.5	3.7	0	73.6213643474
1605.25	3.7	0	73.6713643474
1606	3.7	0	73.7213643474
1606.75	3.7	0	73.7713643474
1607.5	3.7	0	73.8213643474
1608.25	3.7	0	73.8713643474
1609	3.7	0	73.9213643474
1609.75	3.7	0	73.9713643474
1610.5	3.7	0	74.0213643474
1611.25	3.7	0	74.0713643474
1612	3.7	0	74.1213643474
1612.75	3.7	0	74.1713643474
1613.5	3.7	0	74.2213643474
1614.25	3.7	0	74.2713643474
1615	3.7	0	74.3213643474
1615.75	3.7	0	74.3713643474
1616.5	3.7	0	74.4213643474
1617.25	3.7	0	74.4713643474
1618	3.7	0	74.5213643474
1618.75	3.7	0	74.5713643474
1619.5	3.7	0	74.6213643474
1620.25	3.7	0	74.6713643474
1621	3.7	0	74.7213643474
1621.75	3.7	0	74.7713643474
1622.5	3.7	0	74.8213643474
1623.25	3.7	0	74.8713643474
1624	3.7	0	74.9213643474
1624.75	3.7	0	74.9713643474
1625.5	3.7	0	75.0213643474
1626.25	3.7	0	75.0713643474
1627	3.7	0	75.1213643474
1627.75	3.7	0	75.1713643474
1628.5	3.7	0	75.2213643474
1629.25	3.7	0	75.2713643474
1630	3.7	0	75.3213643474
1630.75	3.7	0	75.3713643474
1631.5	3.7	0	75.4213643474
1632.25	3.7	0	75.4713643474
1633	3.7	0	75.5213643474
1633.75	3.7	0	75.5713643474
1634.5	3.7	0	75.6213643474
1635.25	3.7	0	75.6713643474
1636	3.7	0	75.7213643474
1636.75	3.7	0	75.7713643474
1637.5	3.7	0	75.8213643474
1638.25	3.7	0	75.8713643474
1639	3.7	0	75.9213643474
1639.75	3.7	0	75.9713643474
1640.5	3.7	0	76.0213643474
1641.25	3.7	0	76.0713643474
1642	3.7	0	76.1213643474
1642.75	3.7	0	76.1713643474
1643.5	3.7	0	76.2213643474
1644.25	3.7	0	76.2713643474
1645	3.7	0	76.3213643474
1645.75	3.7	0	76.3713643474
1646.5	3.7	0	76.4213643474
1647.25	3.7	0	76.4713643474
1648	3.7	0	76.5213643474
1648.75	3.7	0	76.5713643474
1649.5	3.7	0	76.6213643474
1650.25	3.7	0	76.6713643474
1651	3.7	0	76.7213643474
1651.75	3.7	0	76.7713643474
1652.5	3.7	0	76.8213643474
1653.25	3.7	0	76.8713643474
1654	3.7	0	76.9213643474
1654.75	3.7	0	76.9713643474
1655.5	3.7	0	77.0213643474
1656.25	3.7	0	77.0713643474
1657	3.7	0	77.1213643474
1657.75	3.7	0	77.1713643474
1658.5	3.7	0	77.2213643474
1659.25	3.7	0	77.2713643474
1660	3.7	0	77.3213643474
1660.75	3.7	0	77.3713643474
1661.5	3.7	0	77.4213643474
1662.25	3.7	0	77.4713643474
1663	3.7	0	77.5213643474
1663.75	3.7	0	77.5713643474
1664.5	3.7	0	77.6213643474
1665.25	3.7	0	77.6713643474
1666	3.7	0	77.7213643474
1666.75	3.7	0	77.7713643474
1667.5	3.7	0	77.8213643474
1668.25	3.7	0	77.8713643474
1669	3.7	0	77.9213643474
1669.75	3.7	0	77.9713643474
1670.5	3.7	0	78.0213643474
1671.25	3.7	0	78.0713643474
1672	3.7	0	78.1213643474
1672.75	3.7	0	78.1713643474
1673.5	3.7	0	78.2213643474
1674.25	3.7	0	78.2713643474
1675	3.7	0	78.3213643474
1675.75	3.7	0	78.3713643474
1676.5	3.7	0	78.4213643474
1677.25	3.7	0	78.4713643474
1678	3.7	0	78.5213643474
1678.75	3.7	0	78.5713643474
1679.5	3.7	0	78.6213643474
1680.25	3.7	0	78.6713643474
1681	3.7	0	78.7213643474
1681.75	3.7	0	78.7713643474
1682.5	3.7	0	78.8213643474
1683.25	3.7	0	78.8713643474
1684	3.7	0	78.9213643474
1684.75	3.7	0	78.9713643474
1685.5	3.7	0	79.0213643474
1686.25	3.7	0	79.0713643474
1687	3.7	0	79.1213643474
1687.75	3.7	0	79.1713643474
1688.5	3.7	0	79.2213643474
1689.25	3.7	0	79.2713643474
1690	3.7	0	79.3213643474
1690.75	3.7	0	79.3713643474
1691.5	3.7	0	79.4213643474
1692.25	3.7	0	79.4713643474
1693	3.7	0	79.5213643474
1693.75	3.7	0	79.5713643474
1694.5	3.7	0	79.6213643474
1695.25	3.7	0	79.6713643474
1696	3.7	0	79.7213643474
1696.75	3.7	0	79.7713643474
1697.5	3.7	0	79.8213643474
1698.25	3.7	0	79.8713643474
1699	3.7	0	79.9213643474
1699.75	3.7	0	79.9713643474
1700.5	3.7	0	80.0213643474
1701.25	3.7	0	80.0713643474
1702	3.7	0	80.1213643474
1702.75	3.7	0	80.1713643474
1703.5	3.7	0	80.2213643474
1704.25	3.7	0	80.2713643474
1705	3.7	0	80.3213643474
1705.75	3.7	0	80.3713643474
1706.5	3.7	0	80.4213643474
1707.25	3.7	0	80.4713643474
1708	3.7	0	80.5213643474
1708.75	3.7	0	80.5713643474
1709.5	3.7	0	80.6213643474
1710.25	3.7	0	80.6713643474
1711	3.7	0	80.7213643474
1711.75	3.7	0	80.7713643474
1712.5	3.7	0	80.8213643474
1713.25	3.7	0	80.8713643474
1714	3.7	0	80.9213643474
1714.75	3.7	0	80.9713643474

