straight
126
0 0 0 0
0.8 0 0 0.032
1.6 0 0 0.064
2.4 0 0 0.096
3.2 0 0 0.128
4 0 0 0.16
4.8 0 0 0.192
5.6 0 0 0.224
6.4 0 0 0.256
7.2 0 0 0.288
8 0 0 0.32
8.8 0 0 0.352
9.6 0 0 0.384
10.4 0 0 0.416
11.2 0 0 0.448
12 0 0 0.48
12.8 0 0 0.512
13.6 0 0 0.544
14.4 0 0 0.576
15.2 0 0 0.608
16 0 0 0.64
16.8 0 0 0.672
17.6 0 0 0.704
18.4 0 0 0.736
19.2 0 0 0.768
20 0 0 0.8
20.8 0 0 0.832
21.6 0 0 0.864
22.4 0 0 0.896
23.2 0 0 0.928
24 0 0 0.96
24.8 0 0 0.992
25.6 0 0 1.024
26.4 0 0 1.056
27.2 0 0 1.088
28 0 0 1.12
28.8 0 0 1.152
29.6 0 0 1.184
30.4 0 0 1.216
31.2 0 0 1.248
32 0 0 1.28
32.8 0 0 1.312
33.6 0 0 1.344
34.4 0 0 1.376
35.2 0 0 1.408
36 0 0 1.44
36.8 0 0 1.472
37.6 0 0 1.504
38.4 0 0 1.536
39.2 0 0 1.568
40 0 0 1.6
40.8 0 0 1.632
41.6 0 0 1.664
42.4 0 0 1.696
43.2 0 0 1.728
44 0 0 1.76
44.8 0 0 1.792
45.6 0 0 1.824
46.4 0 0 1.856
47.2 0 0 1.888
48 0 0 1.92
48.8 0 0 1.952
49.6 0 0 1.984
50.4 0 0 2.016
51.2 0 0 2.048
52 0 0 2.08
52.8 0 0 2.112
53.6 0 0 2.144
54.4 0 0 2.176
55.2 0 0 2.208
56 0 0 2.24
56.8 0 0 2.272
57.6 0 0 2.304
58.4 0 0 2.336
59.2 0 0 2.368
60 0 0 2.4
60.8 0 0 2.432
61.6 0 0 2.464
62.4 0 0 2.496
63.2 0 0 2.528
64 0 0 2.56
64.8 0 0 2.592
65.6 0 0 2.624
66.4 0 0 2.656
67.2 0 0 2.688
68 0 0 2.72
68.8 0 0 2.752
69.6 0 0 2.784
70.4 0 0 2.816
71.2 0 0 2.848
72 0 0 2.88
72.8 0 0 2.912
73.6 0 0 2.944
74.4 0 0 2.976
75.2 0 0 3.008
76 0 0 3.04
76.8 0 0 3.072
77.6 0 0 3.104
78.4 0 0 3.136
79.2 0 0 3.168
80 0 0 3.2
80.8 0 0 3.232
81.6 0 0 3.264
82.4 0 0 3.296
83.2 0 0 3.328
84 0 0 3.36
84.8 0 0 3.392
85.6 0 0 3.424
86.4 0 0 3.456
87.2 0 0 3.488
88 0 0 3.52
88.8 0 0 3.552
89.6 0 0 3.584
90.4 0 0 3.616
91.2 0 0 3.648
92 0 0 3.68
92.8 0 0 3.712
93.6 0 0 3.744
94.4 0 0 3.776
95.2 0 0 3.808
96 0 0 3.84
96.8 0 0 3.872
97.6 0 0 3.904
98.4 0 0 3.936
99.2 0 0 3.968
100 0 0 4
right
121
0 0 0 0
0.848592 -0.00342913 -0.00404095 0.033944
1.69716 -0.0102873 -0.00808189 0.0678879
2.5457 -0.0205745 -0.0121228 0.101832
3.39419 -0.0342905 -0.0161638 0.135776
4.24261 -0.051435 -0.0202047 0.16972
5.09096 -0.0720079 -0.0242457 0.203664
5.93922 -0.0960087 -0.0282866 0.237608
6.78738 -0.123437 -0.0323276 0.271552
7.63541 -0.154293 -0.0363685 0.305496
8.48332 -0.188575 -0.0404095 0.33944
9.31365 -0.222146 -0.0404095 0.37268
10.144 -0.255717 -0.0404095 0.40592
10.9743 -0.289289 -0.0404095 0.43916
11.8046 -0.32286 -0.0404095 0.4724
12.635 -0.356431 -0.0404095 0.50564
13.4653 -0.390003 -0.0404095 0.538881
14.2956 -0.423574 -0.0404095 0.572121
15.1259 -0.457145 -0.0404095 0.605361
15.9563 -0.490717 -0.0404095 0.638601
16.7866 -0.524288 -0.0404095 0.671841
17.6169 -0.557859 -0.0404095 0.705082
18.4472 -0.591431 -0.0404095 0.738322
19.2776 -0.625002 -0.0404095 0.771562
20.1079 -0.658573 -0.0404095 0.804802
20.9382 -0.692144 -0.0404095 0.838042
21.7685 -0.725716 -0.0404095 0.871283
22.5989 -0.759287 -0.0404095 0.904523
23.4292 -0.792858 -0.0404095 0.937763
24.2595 -0.82643 -0.0404095 0.971003
25.0898 -0.860001 -0.0404095 1.00424
25.9202 -0.893572 -0.0404095 1.03748
26.7505 -0.927144 -0.0404095 1.07072
27.5808 -0.960715 -0.0404095 1.10396
28.4112 -0.994286 -0.0404095 1.1372
29.2415 -1.02786 -0.0404095 1.17044
30.0718 -1.06143 -0.0404095 1.20368
30.9021 -1.095 -0.0404095 1.23692
31.7325 -1.12857 -0.0404095 1.27016
32.5628 -1.16214 -0.0404095 1.30341
33.3931 -1.19571 -0.0404095 1.33665
34.2234 -1.22929 -0.0404095 1.36989
35.0538 -1.26286 -0.0404095 1.40313
35.8841 -1.29643 -0.0404095 1.43637
36.7144 -1.33 -0.0404095 1.46961
37.5447 -1.36357 -0.0404095 1.50285
38.3751 -1.39714 -0.0404095 1.53609
39.2054 -1.43071 -0.0404095 1.56933
40.0357 -1.46428 -0.0404095 1.60257
40.8661 -1.49786 -0.0404095 1.63581
41.6964 -1.53143 -0.0404095 1.66905
42.5267 -1.565 -0.0404095 1.70229
43.357 -1.59857 -0.0404095 1.73553
44.1874 -1.63214 -0.0404095 1.76877
45.0177 -1.66571 -0.0404095 1.80201
45.848 -1.69928 -0.0404095 1.83525
46.6783 -1.73286 -0.0404095 1.86849
47.5087 -1.76643 -0.0404095 1.90173
48.339 -1.8 -0.0404095 1.93497
49.1693 -1.83357 -0.0404095 1.96821
49.9996 -1.86714 -0.0404095 2.00145
50.83 -1.90071 -0.0404095 2.03469
51.6603 -1.93428 -0.0404095 2.06793
52.4906 -1.96785 -0.0404095 2.10117
53.3209 -2.00143 -0.0404095 2.13441
54.1513 -2.035 -0.0404095 2.16765
54.9816 -2.06857 -0.0404095 2.20089
55.8119 -2.10214 -0.0404095 2.23413
56.6423 -2.13571 -0.0404095 2.26737
57.4726 -2.16928 -0.0404095 2.30061
58.3029 -2.20285 -0.0404095 2.33385
59.1332 -2.23643 -0.0404095 2.36709
59.9636 -2.27 -0.0404095 2.40033
60.7939 -2.30357 -0.0404095 2.43357
61.6242 -2.33714 -0.0404095 2.46681
62.4545 -2.37071 -0.0404095 2.50005
63.2849 -2.40428 -0.0404095 2.53329
64.1152 -2.43785 -0.0404095 2.56653
64.9455 -2.47142 -0.0404095 2.59977
65.7758 -2.505 -0.0404095 2.63301
66.6062 -2.53857 -0.0404095 2.66625
67.4365 -2.57214 -0.0404095 2.69949
68.2668 -2.60571 -0.0404095 2.73273
69.0971 -2.63928 -0.0404095 2.76597
69.9275 -2.67285 -0.0404095 2.79921
70.7578 -2.70642 -0.0404095 2.83245
71.5881 -2.74 -0.0404095 2.86569
72.4185 -2.77357 -0.0404095 2.89893
73.2488 -2.80714 -0.0404095 2.93217
74.0791 -2.84071 -0.0404095 2.96541
74.9094 -2.87428 -0.0404095 2.99865
75.7398 -2.90785 -0.0404095 3.0319
76.5701 -2.94142 -0.0404095 3.06514
77.4004 -2.97499 -0.0404095 3.09838
78.2307 -3.00857 -0.0404095 3.13162
79.0611 -3.04214 -0.0404095 3.16486
79.8914 -3.07571 -0.0404095 3.1981
80.7217 -3.10928 -0.0404095 3.23134
81.552 -3.14285 -0.0404095 3.26458
82.3824 -3.17642 -0.0404095 3.29782
83.2127 -3.20999 -0.0404095 3.33106
84.043 -3.24357 -0.0404095 3.3643
84.8734 -3.27714 -0.0404095 3.39754
85.7037 -3.31071 -0.0404095 3.43078
86.534 -3.34428 -0.0404095 3.46402
87.3643 -3.37785 -0.0404095 3.49726
88.1947 -3.41142 -0.0404095 3.5305
89.025 -3.44499 -0.0404095 3.56374
89.8553 -3.47856 -0.0404095 3.59698
90.6856 -3.51214 -0.0404095 3.63022
91.516 -3.54571 -0.0404095 3.66346
92.364 -3.57656 -0.0363685 3.6974
93.2122 -3.60399 -0.0323276 3.73135
94.0604 -3.62799 -0.0282866 3.76529
94.9088 -3.64856 -0.0242457 3.79923
95.7572 -3.66571 -0.0202047 3.83318
96.6057 -3.67943 -0.0161638 3.86712
97.4542 -3.68971 -0.0121228 3.90107
98.3028 -3.69657 -0.00808189 3.93501
99.1514 -3.7 -0.00404095 3.96895
100 -3.7 0 4.0029
left
121
0 0 0 0
0.848592 0.00342913 0.00404095 0.033944
1.69716 0.0102873 0.00808189 0.0678879
2.5457 0.0205745 0.0121228 0.101832
3.39419 0.0342905 0.0161638 0.135776
4.24261 0.051435 0.0202047 0.16972
5.09096 0.0720079 0.0242457 0.203664
5.93922 0.0960087 0.0282866 0.237608
6.78738 0.123437 0.0323276 0.271552
7.63541 0.154293 0.0363685 0.305496
8.48332 0.188575 0.0404095 0.33944
9.31365 0.222146 0.0404095 0.37268
10.144 0.255717 0.0404095 0.40592
10.9743 0.289289 0.0404095 0.43916
11.8046 0.32286 0.0404095 0.4724
12.635 0.356431 0.0404095 0.50564
13.4653 0.390003 0.0404095 0.538881
14.2956 0.423574 0.0404095 0.572121
15.1259 0.457145 0.0404095 0.605361
15.9563 0.490717 0.0404095 0.638601
16.7866 0.524288 0.0404095 0.671841
17.6169 0.557859 0.0404095 0.705082
18.4472 0.591431 0.0404095 0.738322
19.2776 0.625002 0.0404095 0.771562
20.1079 0.658573 0.0404095 0.804802
20.9382 0.692144 0.0404095 0.838042
21.7685 0.725716 0.0404095 0.871283
22.5989 0.759287 0.0404095 0.904523
23.4292 0.792858 0.0404095 0.937763
24.2595 0.82643 0.0404095 0.971003
25.0898 0.860001 0.0404095 1.00424
25.9202 0.893572 0.0404095 1.03748
26.7505 0.927144 0.0404095 1.07072
27.5808 0.960715 0.0404095 1.10396
28.4112 0.994286 0.0404095 1.1372
29.2415 1.02786 0.0404095 1.17044
30.0718 1.06143 0.0404095 1.20368
30.9021 1.095 0.0404095 1.23692
31.7325 1.12857 0.0404095 1.27016
32.5628 1.16214 0.0404095 1.30341
33.3931 1.19571 0.0404095 1.33665
34.2234 1.22929 0.0404095 1.36989
35.0538 1.26286 0.0404095 1.40313
35.8841 1.29643 0.0404095 1.43637
36.7144 1.33 0.0404095 1.46961
37.5447 1.36357 0.0404095 1.50285
38.3751 1.39714 0.0404095 1.53609
39.2054 1.43071 0.0404095 1.56933
40.0357 1.46428 0.0404095 1.60257
40.8661 1.49786 0.0404095 1.63581
41.6964 1.53143 0.0404095 1.66905
42.5267 1.565 0.0404095 1.70229
43.357 1.59857 0.0404095 1.73553
44.1874 1.63214 0.0404095 1.76877
45.0177 1.66571 0.0404095 1.80201
45.848 1.69928 0.0404095 1.83525
46.6783 1.73286 0.0404095 1.86849
47.5087 1.76643 0.0404095 1.90173
48.339 1.8 0.0404095 1.93497
49.1693 1.83357 0.0404095 1.96821
49.9996 1.86714 0.0404095 2.00145
50.83 1.90071 0.0404095 2.03469
51.6603 1.93428 0.0404095 2.06793
52.4906 1.96785 0.0404095 2.10117
53.3209 2.00143 0.0404095 2.13441
54.1513 2.035 0.0404095 2.16765
54.9816 2.06857 0.0404095 2.20089
55.8119 2.10214 0.0404095 2.23413
56.6423 2.13571 0.0404095 2.26737
57.4726 2.16928 0.0404095 2.30061
58.3029 2.20285 0.0404095 2.33385
59.1332 2.23643 0.0404095 2.36709
59.9636 2.27 0.0404095 2.40033
60.7939 2.30357 0.0404095 2.43357
61.6242 2.33714 0.0404095 2.46681
62.4545 2.37071 0.0404095 2.50005
63.2849 2.40428 0.0404095 2.53329
64.1152 2.43785 0.0404095 2.56653
64.9455 2.47142 0.0404095 2.59977
65.7758 2.505 0.0404095 2.63301
66.6062 2.53857 0.0404095 2.66625
67.4365 2.57214 0.0404095 2.69949
68.2668 2.60571 0.0404095 2.73273
69.0971 2.63928 0.0404095 2.76597
69.9275 2.67285 0.0404095 2.79921
70.7578 2.70642 0.0404095 2.83245
71.5881 2.74 0.0404095 2.86569
72.4185 2.77357 0.0404095 2.89893
73.2488 2.80714 0.0404095 2.93217
74.0791 2.84071 0.0404095 2.96541
74.9094 2.87428 0.0404095 2.99865
75.7398 2.90785 0.0404095 3.0319
76.5701 2.94142 0.0404095 3.06514
77.4004 2.97499 0.0404095 3.09838
78.2307 3.00857 0.0404095 3.13162
79.0611 3.04214 0.0404095 3.16486
79.8914 3.07571 0.0404095 3.1981
80.7217 3.10928 0.0404095 3.23134
81.552 3.14285 0.0404095 3.26458
82.3824 3.17642 0.0404095 3.29782
83.2127 3.20999 0.0404095 3.33106
84.043 3.24357 0.0404095 3.3643
84.8734 3.27714 0.0404095 3.39754
85.7037 3.31071 0.0404095 3.43078
86.534 3.34428 0.0404095 3.46402
87.3643 3.37785 0.0404095 3.49726
88.1947 3.41142 0.0404095 3.5305
89.025 3.44499 0.0404095 3.56374
89.8553 3.47856 0.0404095 3.59698
90.6856 3.51214 0.0404095 3.63022
91.516 3.54571 0.0404095 3.66346
92.364 3.57656 0.0363685 3.6974
93.2122 3.60399 0.0323276 3.73135
94.0604 3.62799 0.0282866 3.76529
94.9088 3.64856 0.0242457 3.79923
95.7572 3.66571 0.0202047 3.83318
96.6057 3.67943 0.0161638 3.86712
97.4542 3.68971 0.0121228 3.90107
98.3028 3.69657 0.00808189 3.93501
99.1514 3.7 0.00404095 3.96895
100 3.7 0 4.0029
